#
# x265 --input FourPeople_1280x720_60.y4m -o out.h265
#
----------------------------------------------------------------------
Threads summary [ 8 thread(s) ]
----------------------------------------------------------------------
name                   inc%  exc%        fps   call/sec call/fr   cpu%
<main>                100.0  99.5       35.1       35.1    1.00    2.8
<1>                    86.8  86.8       40.4       19.3    0.48    1.0
<2>                    81.3  81.3       43.2       20.6    0.48    1.1
<3>                    76.4  68.8       45.9     3681.7   80.22   91.9
<4>                    85.6  47.5       41.0     1977.8   48.24   89.1
<5>                    82.3  49.0       42.6     2225.3   52.24   87.1
<6>                    75.9  66.7       46.2     3409.0   73.80   92.6
<7>                     6.0   6.0      584.6      557.7    0.95   37.7

----------------------------------------------------------------------
Stack top [ 8 thread(s) ]
----------------------------------------------------------------------
name                   inc%  exc%        fps   call/sec call/fr   cpu%
<main>                100.0  99.5       35.1       35.1    1.00    2.8
  Encoder::encode     100.0  99.5       35.1       35.1    1.00    2.8
<1>                    86.8  86.8       40.4       19.3    0.48    1.0
  frameThread          86.8  86.8       40.4       19.3    0.48    1.0
<2>                    81.3  81.3       43.2       20.6    0.48    1.1
  frameThread          81.3  81.3       43.2       20.6    0.48    1.1
<3>                    76.4  68.8       45.9     3681.7   80.22   91.9
  slicetypeDecideEV     8.1   0.5      433.3        6.9    0.02   90.3
  estCostCoop           9.7   9.7      360.6     1544.3    4.28   97.5
  encodeCTU            50.0  50.0       70.1     5063.4   72.21   91.8
  filterCTURow          7.3   7.3      479.3     1749.1    3.65   86.8
  prelookahead          0.2   0.2    19136.8      243.0    0.01   47.5
  estCostSingle         1.1   1.1     3231.3      179.5    0.06   96.2
<4>                    85.6  47.5       41.0     1977.8   48.24   89.1
  prelookahead          0.3   0.3    13290.9      253.2    0.02   33.0
  estCostSingle         2.9   2.9     1212.5      257.9    0.21   96.2
  estCostCoop           5.3   5.3      668.1     1609.7    2.41   94.4
  encodeCTU            31.8  31.8      110.2     4776.6   43.36   84.4
  filterCTURow          4.5   4.5      774.4     1671.8    2.16  121.0
  slicetypeDecideEV    40.8   2.7       86.0        7.4    0.09   88.3
<5>                    82.3  49.0       42.6     2225.3   52.24   87.1
  prelookahead          0.8   0.8     4513.5      265.1    0.06   67.2
  estCostSingle         1.9   1.9     1843.2      307.2    0.17   91.4
  estCostCoop           6.6   6.6      527.5     1479.6    2.80  104.7
  encodeCTU            31.7  31.7      110.5     5151.2   46.61   86.9
  slicetypeDecideEV    35.6   2.3       98.5        6.9    0.07   83.1
  filterCTURow          5.7   5.7      618.5     1565.8    2.53   93.6
<6>                    75.9  66.7       46.2     3409.0   73.80   92.6
  prelookahead          0.8   0.8     4252.9      276.8    0.07  126.6
  estCostSingle         1.7   1.7     2029.5      325.4    0.16   95.6
  estCostCoop          10.5  10.5      334.1     1223.9    3.66   95.3
  encodeCTU            47.2  47.2       74.2     4958.4   66.78   90.0
  filterCTURow          5.8   5.8      602.4     1872.3    3.11  103.1
  slicetypeDecideEV     9.8   0.6      357.4        6.2    0.02   92.2
<7>                     6.0   6.0      584.6      557.7    0.95   37.7
  frameRead             6.0   6.0      584.6      557.7    0.95   37.7

----------------------------------------------------------------------
Summary report [ 8 thread(s) ]
----------------------------------------------------------------------
name                   inc%  exc%        fps   call/sec call/fr   cpu%
<main>                100.0  99.5       35.1       35.1    1.00    2.8
  Encoder::encode     100.0  99.5       35.1       35.1    1.00    2.8
    slicetypeDecideEV   0.5   0.1     6790.1       53.9    0.01   84.2
      prelookahead      0.1   0.1    62635.5      298.3    0.00  155.3
      estCostCoop       0.2   0.2    18048.6     1489.7    0.08   44.8
      estCostSingle     0.2   0.2    21150.5      201.4    0.01  104.9
<1>                    86.8  86.8       40.4       19.3    0.48    1.0
  frameThread          86.8  86.8       40.4       19.3    0.48    1.0
<2>                    81.3  81.3       43.2       20.6    0.48    1.1
  frameThread          81.3  81.3       43.2       20.6    0.48    1.1
<3>                    76.4  68.8       45.9     3681.7   80.22   91.9
  slicetypeDecideEV     8.1   0.5      433.3        6.9    0.02   90.3
    prelookahead        1.1   1.1     3274.0      228.7    0.07   89.3
    estCostSingle       5.4   5.4      652.9      231.1    0.35   95.5
    estCostCoop         1.2   1.2     2919.4     1413.4    0.48   86.9
  estCostCoop           9.7   9.7      360.6     1544.3    4.28   97.5
  encodeCTU            50.0  50.0       70.1     5063.4   72.21   91.8
  filterCTURow          7.3   7.3      479.3     1749.1    3.65   86.8
  prelookahead          0.2   0.2    19136.8      243.0    0.01   47.5
  estCostSingle         1.1   1.1     3231.3      179.5    0.06   96.2
<4>                    85.6  47.5       41.0     1977.8   48.24   89.1
  prelookahead          0.3   0.3    13290.9      253.2    0.02   33.0
  estCostSingle         2.9   2.9     1212.5      257.9    0.21   96.2
  estCostCoop           5.3   5.3      668.1     1609.7    2.41   94.4
  encodeCTU            31.8  31.8      110.2     4776.6   43.36   84.4
  filterCTURow          4.5   4.5      774.4     1671.8    2.16  121.0
  slicetypeDecideEV    40.8   2.7       86.0        7.4    0.09   88.3
    prelookahead        4.1   4.1      848.0      269.2    0.32   94.6
    estCostSingle      28.3  28.3      124.0      194.1    1.57   90.7
    estCostCoop         5.6   5.6      622.6     1507.1    2.42   95.7
<5>                    82.3  49.0       42.6     2225.3   52.24   87.1
  prelookahead          0.8   0.8     4513.5      265.1    0.06   67.2
  estCostSingle         1.9   1.9     1843.2      307.2    0.17   91.4
  estCostCoop           6.6   6.6      527.5     1479.6    2.80  104.7
  encodeCTU            31.7  31.7      110.5     5151.2   46.61   86.9
  slicetypeDecideEV    35.6   2.3       98.5        6.9    0.07   83.1
    prelookahead        4.4   4.4      801.4      260.8    0.33   83.5
    estCostSingle      23.2  23.2      151.4      195.8    1.29   87.1
    estCostCoop         5.8   5.8      609.3     1395.6    2.29   92.2
  filterCTURow          5.7   5.7      618.5     1565.8    2.53   93.6
<6>                    75.9  66.7       46.2     3409.0   73.80   92.6
  prelookahead          0.8   0.8     4252.9      276.8    0.07  126.6
  estCostSingle         1.7   1.7     2029.5      325.4    0.16   95.6
  estCostCoop          10.5  10.5      334.1     1223.9    3.66   95.3
  encodeCTU            47.2  47.2       74.2     4958.4   66.78   90.0
  filterCTURow          5.8   5.8      602.4     1872.3    3.11  103.1
  slicetypeDecideEV     9.8   0.6      357.4        6.2    0.02   92.2
    prelookahead        1.0   1.0     3553.3      287.7    0.08   96.9
    estCostSingle       6.9   6.9      509.7      198.2    0.39   93.6
    estCostCoop         1.4   1.4     2548.7     1521.1    0.60  113.8
<7>                     6.0   6.0      584.6      557.7    0.95   37.7
  frameRead             6.0   6.0      584.6      557.7    0.95   37.7

----------------------------------------------------------------------
Detailed report [ 8 thread(s) ]
----------------------------------------------------------------------
name                   inc%  exc%        fps   call/sec call/fr   cpu%
<main>                100.0  99.5       35.1       35.1    1.00    2.8
  Encoder::encode     100.0  99.5       35.1       35.1    1.00    2.8
    slicetypeDecideEV   0.5   0.1     6790.1       53.9    0.01   84.2
      prelookahead      0.0   0.0    93012.3      295.3    0.00  230.7
      estCostCoop       0.0   0.0   639010.1     3042.9    0.00    0.0
      estCostCoop       0.0   0.0   521912.0     1656.9    0.00    0.0
      prelookahead      0.0   0.0   191786.7      304.4    0.00    0.0
      estCostCoop       0.0   0.0   597779.7     1897.7    0.00    0.0
      estCostSingle     0.0   0.0    80294.7      127.5    0.00  199.1
      estCostCoop       0.0   0.0   469623.6     1490.9    0.00    0.0
      estCostSingle     0.0   0.0    80690.6      128.1    0.00    0.0
      estCostCoop       0.0   0.0   638233.2     1013.1    0.00    0.0
      estCostSingle     0.0   0.0   159312.2      252.9    0.00  395.1
      estCostCoop       0.0   0.0   764748.7     1213.9    0.00    0.0
      estCostSingle     0.0   0.0   171826.0      272.7    0.00    0.0
      estCostCoop       0.0   0.0   488751.0      775.8    0.00    0.0
      estCostSingle     0.0   0.0   156102.9      247.8    0.00    0.0
      estCostCoop       0.0   0.0   665891.6     1057.0    0.00    0.0
      estCostSingle     0.0   0.0   254442.7      403.9    0.00    0.0
      estCostCoop       0.0   0.0   358422.9     1137.9    0.00    0.0
      estCostCoop       0.0   0.0   291909.9      926.7    0.00    0.0
      estCostCoop       0.0   0.0  1132686.1     3595.8    0.00    0.0
      estCostCoop       0.0   0.0   523560.2     1662.1    0.00    0.0
      estCostCoop       0.0   0.0   552002.1     1752.4    0.00    0.0
      estCostCoop       0.0   0.0   355269.8     1127.8    0.00  881.1
      estCostCoop       0.0   0.0   575657.9     1827.5    0.00    0.0
      estCostCoop       0.0   0.0   289256.2      918.3    0.00    0.0
      estCostCoop       0.0   0.0   494505.5     1569.9    0.00    0.0
      estCostCoop       0.0   0.0   502272.2     1594.5    0.00    0.0
      estCostCoop       0.0   0.0   256201.7      813.3    0.00    0.0
      estCostCoop       0.0   0.0  1227591.5     3897.1    0.00    0.0
      estCostCoop       0.0   0.0   975081.2     3095.5    0.00    0.0
      estCostCoop       0.0   0.0  2411022.0     3827.0    0.00    0.0
      estCostCoop       0.0   0.0  2580909.5     4096.7    0.00    0.0
      estCostCoop       0.0   0.0   804186.9     1276.5    0.00    0.0
      estCostCoop       0.0   0.0   787992.5     1250.8    0.00    0.0
      estCostCoop       0.0   0.0   676909.9     1074.5    0.00    0.0
      estCostCoop       0.0   0.0   772248.1     1225.8    0.00    0.0
      estCostCoop       0.0   0.0   686050.4     1089.0    0.00    0.0
      estCostCoop       0.0   0.0   732217.6     1162.3    0.00    0.0
      estCostCoop       0.0   0.0  2207428.2     3503.9    0.00    0.0
      estCostCoop       0.0   0.0   755305.2     1198.9    0.00    0.0
      estCostCoop       0.0   0.0   656455.2     1042.0    0.00    0.0
      estCostCoop       0.0   0.0  2342878.5     3718.9    0.00    0.0
      estCostCoop       0.0   0.0  2095111.5     3325.6    0.00    0.0
<1>                    86.8  86.8       40.4       19.3    0.48    1.0
  frameThread          86.8  86.8       40.4       19.3    0.48    1.0
<2>                    81.3  81.3       43.2       20.6    0.48    1.1
  frameThread          81.3  81.3       43.2       20.6    0.48    1.1
<3>                    76.4  68.8       45.9     3681.7   80.22   91.9
  slicetypeDecideEV     8.1   0.5      433.3        6.9    0.02   90.3
    prelookahead        0.4   0.4     9934.5      157.7    0.02   49.3
    prelookahead        0.2   0.2    18159.0      259.4    0.01   90.1
    prelookahead        0.2   0.2    18082.9      229.6    0.01   89.7
    prelookahead        0.2   0.2    21755.3      276.3    0.01  215.8
    prelookahead        0.1   0.1    26670.6      296.3    0.01   66.1
    prelookahead        0.0   0.0   217361.3      345.0    0.00    0.0
    prelookahead        0.0   0.0   157578.8      250.1    0.00    0.0
    estCostSingle       0.3   0.3    10364.1      131.6    0.01  128.5
    estCostSingle       0.3   0.3    12831.7      162.9    0.01   63.6
    estCostSingle       0.3   0.3    13045.5      165.7    0.01   97.1
    estCostSingle       0.4   0.4     9752.6      123.8    0.01   96.8
    estCostSingle       0.3   0.3    10433.5      132.5    0.01  129.4
    estCostSingle       0.3   0.3    12623.0      160.3    0.01   62.6
    estCostSingle       0.2   0.2    15978.3      202.9    0.01   39.6
    estCostSingle       0.2   0.2    16841.0      213.9    0.01  125.3
    estCostSingle       0.3   0.3    10075.3      127.9    0.01  124.9
    estCostSingle       0.2   0.2    16019.2      203.4    0.01  119.2
    estCostSingle       0.2   0.2    17847.7      226.6    0.01   88.5
    estCostSingle       0.2   0.2    19932.7      253.1    0.01   98.9
    estCostSingle       0.2   0.2    20491.8      227.7    0.01   50.8
    estCostSingle       0.2   0.2    21360.0      237.3    0.01  106.0
    estCostSingle       0.1   0.1    28706.6      319.0    0.01  284.8
    estCostSingle       0.1   0.1    26300.0      250.5    0.01    0.0
    estCostSingle       0.1   0.1    23676.6      225.5    0.01  117.4
    estCostSingle       0.1   0.1    28861.2      274.9    0.01   71.6
    estCostSingle       0.0   0.0    76029.1      120.7    0.00  188.6
    estCostSingle       0.0   0.0    86476.7      137.3    0.00    0.0
    estCostSingle       0.0   0.0   170353.1      270.4    0.00    0.0
    estCostSingle       0.0   0.0   538507.6      854.8    0.00 1335.6
    estCostSingle       0.0   0.0  3271028.0     5192.1    0.00    0.0
    estCostSingle       0.0   0.0   438138.9      695.5    0.00    0.0
    estCostSingle       0.0   0.0  3178607.5     5045.4    0.00    0.0
    estCostSingle       0.0   0.0   515548.3      818.3    0.00    0.0
    estCostSingle       0.0   0.0   567158.8      900.3    0.00    0.0
    estCostSingle       0.0   0.0   567056.7      900.1    0.00    0.0
    estCostSingle       0.0   0.0  3315789.8     5263.2    0.00    0.0
    estCostSingle       0.0   0.0   541330.1      859.3    0.00    0.0
    estCostSingle       0.0   0.0   588510.1      934.1    0.00    0.0
    estCostSingle       0.0   0.0   461234.4      732.1    0.00    0.0
    estCostSingle       0.0   0.0   548350.6      870.4    0.00    0.0
    estCostSingle       0.0   0.0   565174.5      897.1    0.00    0.0
    estCostSingle       0.0   0.0  3444505.5     5467.5    0.00    0.0
    estCostSingle       0.0   0.0   377358.5      599.0    0.00    0.0
    estCostSingle       0.0   0.0   535851.0      850.6    0.00 1329.0
    estCostSingle       0.0   0.0  3308823.5     5252.1    0.00    0.0
    estCostSingle       0.0   0.0   624071.3      990.6    0.00    0.0
    estCostSingle       0.0   0.0  3331570.8     5288.2    0.00    0.0
    estCostSingle       0.0   0.0   630820.1     1001.3    0.00    0.0
    estCostSingle       0.0   0.0   310161.5      492.3    0.00    0.0
    estCostSingle       0.0   0.0   519802.0      825.1    0.00    0.0
    estCostSingle       0.0   0.0  3185035.8     5055.6    0.00    0.0
    estCostSingle       0.0   0.0   523777.9      831.4    0.00    0.0
    estCostSingle       0.0   0.0   530615.7      842.2    0.00    0.0
    estCostSingle       0.0   0.0   549978.2      873.0    0.00    0.0
    estCostSingle       0.0   0.0   530347.7      841.8    0.00    0.0
    estCostSingle       0.0   0.0   556144.1      882.8    0.00    0.0
    estCostSingle       0.0   0.0   625620.6      993.0    0.00    0.0
    estCostSingle       0.0   0.0  3351064.0     5319.1    0.00    0.0
    estCostSingle       0.0   0.0   546542.9      867.5    0.00    0.0
    estCostSingle       0.0   0.0   510948.9      811.0    0.00    0.0
    estCostSingle       0.0   0.0   557917.1      885.6    0.00 1383.7
    estCostSingle       0.0   0.0   537955.8      853.9    0.00    0.0
    estCostSingle       0.0   0.0   533853.1      847.4    0.00    0.0
    estCostSingle       0.0   0.0  3291536.2     5224.7    0.00    0.0
    estCostSingle       0.0   0.0   407055.7      646.1    0.00    0.0
    estCostSingle       0.0   0.0   463576.1      735.8    0.00    0.0
    estCostSingle       0.0   0.0   566648.7      899.4    0.00    0.0
    estCostSingle       0.0   0.0   542355.4      860.9    0.00    0.0
    estCostSingle       0.0   0.0   557768.9      885.3    0.00    0.0
    estCostSingle       0.0   0.0  1111895.5     1764.9    0.00    0.0
    estCostSingle       0.0   0.0   508023.5      806.4    0.00    0.0
    estCostSingle       0.0   0.0  3333333.2     5291.0    0.00    0.0
    estCostSingle       0.0   0.0   556389.6      883.2    0.00    0.0
    estCostSingle       0.0   0.0  3148425.8     4997.5    0.00    0.0
    estCostSingle       0.0   0.0   579950.2      920.6    0.00    0.0
    estCostSingle       0.0   0.0   609166.5      966.9    0.00 1510.8
    estCostSingle       0.0   0.0   504524.7      800.8    0.00    0.0
    estCostSingle       0.0   0.0  3143712.8     4990.0    0.00    0.0
    estCostSingle       0.0   0.0   551857.1      876.0    0.00    0.0
    estCostSingle       0.0   0.0   548302.9      870.3    0.00    0.0
    estCostSingle       0.0   0.0   562198.9      892.4    0.00    0.0
    estCostSingle       0.0   0.0   341463.4      542.0    0.00    0.0
    estCostSingle       0.0   0.0   527947.7      838.0    0.00    0.0
    estCostSingle       0.0   0.0  2774108.5     4403.3    0.00    0.0
    estCostSingle       0.0   0.0   510452.2      810.2    0.00    0.0
    estCostSingle       0.0   0.0  3410936.8     5414.2    0.00    0.0
    estCostSingle       0.0   0.0   372054.6      590.6    0.00    0.0
    estCostSingle       0.0   0.0   523821.4      831.5    0.00    0.0
    estCostSingle       0.0   0.0   527461.4      837.2    0.00    0.0
    estCostSingle       0.0   0.0  3345725.2     5310.7    0.00    0.0
    estCostSingle       0.0   0.0   543243.9      862.3    0.00    0.0
    estCostSingle       0.0   0.0   192725.4      305.9    0.00  478.0
    estCostSingle       0.0   0.0   498417.7      791.1    0.00    0.0
    estCostSingle       0.0   0.0   561147.2      890.7    0.00    0.0
    estCostSingle       0.0   0.0   566903.7      899.8    0.00    0.0
    estCostCoop         0.0   0.0   380159.3     1206.9    0.00    0.0
    estCostCoop         0.0   0.0   187466.5      595.1    0.00    0.0
    estCostCoop         0.0   0.0   351562.5     1116.1    0.00    0.0
    estCostCoop         0.0   0.0   201890.7      640.9    0.00    0.0
    estCostCoop         0.0   0.0   365705.0     1161.0    0.00    0.0
    estCostCoop         0.0   0.0   303205.3      962.6    0.00    0.0
    estCostCoop         0.0   0.0   312717.2      992.8    0.00  775.6
    estCostCoop         0.0   0.0   345054.2     1095.4    0.00  855.8
    estCostCoop         0.0   0.0   329188.0     1045.0    0.00    0.0
    estCostCoop         0.0   0.0   273925.0      869.6    0.00    0.0
    estCostCoop         0.0   0.0   571999.2     1815.9    0.00    0.0
    estCostCoop         0.0   0.0   382235.2     1213.4    0.00    0.0
    estCostCoop         0.0   0.0   351209.8     1115.0    0.00    0.0
    estCostCoop         0.0   0.0   384357.3     1220.2    0.00    0.0
  estCostCoop           9.7   9.7      360.6     1544.3    4.28   97.5
  encodeCTU            50.0  50.0       70.1     5063.4   72.21   91.8
  filterCTURow          7.3   7.3      479.3     1749.1    3.65   86.8
  prelookahead          0.2   0.2    19136.8      243.0    0.01   47.5
  estCostSingle         1.1   1.1     3231.3      179.5    0.06   96.2
<4>                    85.6  47.5       41.0     1977.8   48.24   89.1
  prelookahead          0.3   0.3    13290.9      253.2    0.02   33.0
  estCostSingle         2.9   2.9     1212.5      257.9    0.21   96.2
  estCostCoop           5.3   5.3      668.1     1609.7    2.41   94.4
  encodeCTU            31.8  31.8      110.2     4776.6   43.36   84.4
  filterCTURow          4.5   4.5      774.4     1671.8    2.16  121.0
  slicetypeDecideEV    40.8   2.7       86.0        7.4    0.09   88.3
    prelookahead        1.3   1.3     2712.4      232.5    0.09   80.7
    prelookahead        1.0   1.0     3478.9      287.2    0.08  120.8
    estCostSingle       0.1   0.1    38958.9      123.7    0.00    0.0
    estCostSingle       0.8   0.8     4330.9      123.7    0.03   85.9
    prelookahead        0.7   0.7     4914.5      280.8    0.06   73.1
    estCostSingle       1.1   1.1     3081.4      112.5    0.04   84.1
    prelookahead        0.6   0.6     5923.4      291.5    0.05  102.8
    estCostSingle       1.1   1.1     3183.2      131.4    0.04   94.7
    prelookahead        0.5   0.5     6633.0      284.3    0.04   98.7
    estCostCoop         0.0   0.0  1967520.4     3123.0    0.00    0.0
    estCostSingle       2.0   2.0     1764.8      145.7    0.08   87.5
    estCostCoop         0.0   0.0   771586.0     2449.5    0.00    0.0
    estCostSingle       1.7   1.7     2004.9      165.5    0.08  109.4
    estCostCoop         0.0   0.0  1890756.2     3001.2    0.00    0.0
    estCostSingle       2.5   2.5     1430.8      115.8    0.08   74.5
    estCostCoop         0.0   0.0   481136.4     1527.4    0.00    0.0
    estCostSingle       1.9   1.9     1838.0      145.9    0.08   95.7
    estCostCoop         0.0   0.0   262543.8     1250.2    0.00    0.0
    estCostSingle       1.6   1.6     2240.9      177.8    0.08   94.5
    estCostCoop         0.0   0.0   332699.6     1056.2    0.00    0.0
    estCostSingle       2.1   2.1     1691.0      134.2    0.08   71.3
    estCostCoop         0.0   0.0   260642.9      827.4    0.00    0.0
    estCostSingle       2.1   2.1     1692.6      134.3    0.08   92.4
    estCostCoop         0.0   0.0   260373.6      826.6    0.00    0.0
    estCostSingle       1.7   1.7     2117.1      168.0    0.08   78.8
    estCostCoop         0.0   0.0   330951.9     1050.6    0.00    0.0
    estCostSingle       1.3   1.3     2601.9      206.5    0.08  103.2
    estCostCoop         0.0   0.0   339641.0     1078.2    0.00  842.4
    estCostSingle       1.2   1.2     2944.4      233.7    0.08   80.3
    estCostCoop         0.0   0.0   269461.1      855.4    0.00    0.0
    estCostSingle       1.6   1.6     2188.5      173.7    0.08   81.4
    estCostCoop         0.0   0.0   361861.0     1148.8    0.00    0.0
    estCostSingle       1.0   1.0     3512.5      278.8    0.08  122.0
    estCostCoop         0.0   0.0  1019582.5     3236.8    0.00 2528.7
    estCostSingle       0.9   0.9     4014.1      305.8    0.08  119.5
    estCostCoop         0.0   0.0   240256.3     1525.4    0.01    0.0
    estCostSingle       0.7   0.7     4778.9      364.1    0.08   83.0
    estCostCoop         0.0   0.0   256180.9     1626.5    0.01    0.0
    estCostSingle       0.6   0.6     5403.2      385.9    0.07   93.8
    estCostCoop         0.0   0.0   112852.7     1253.9    0.01    0.0
    estCostSingle       0.6   0.6     5752.1      410.9    0.07  128.4
    estCostCoop         0.0   0.0    99303.3     1103.4    0.01    0.0
    estCostSingle       0.6   0.6     6283.1      428.8    0.07   93.5
    estCostCoop         0.0   0.0   102786.7     1468.4    0.01    0.0
    estCostCoop         0.1   0.1    30658.0     1021.9    0.03   76.0
    estCostSingle       0.4   0.4     8574.5      421.9    0.05   21.3
    estCostCoop         0.1   0.1    30376.2     1253.6    0.04  150.7
    estCostSingle       0.3   0.3    10308.7      425.4    0.04  127.8
    estCostCoop         0.1   0.1    44737.3     1846.3    0.04    0.0
    estCostSingle       0.4   0.4     9744.6      402.2    0.04  145.0
    estCostCoop         0.3   0.3    12968.0     1070.4    0.08   64.3
    estCostCoop         0.2   0.2    17591.0     1452.0    0.08  130.9
    estCostCoop         0.2   0.2    22092.9     1823.5    0.08   54.8
    estCostCoop         0.2   0.2    16316.7     1346.8    0.08  161.9
    estCostCoop         0.2   0.2    20557.1     1696.8    0.08   51.0
    estCostCoop         0.2   0.2    16704.6     1378.8    0.08    0.0
    estCostCoop         0.1   0.1    24057.3     1985.7    0.08  119.3
    estCostCoop         0.2   0.2    15135.2     1249.3    0.08  187.7
    estCostCoop         0.1   0.1    28412.0     2345.1    0.08  140.9
    estCostCoop         0.1   0.1    26670.1     2201.3    0.08  198.4
    estCostCoop         0.2   0.2    20006.4     1651.3    0.08  148.9
    estCostCoop         0.1   0.1    30055.2     2480.8    0.08    0.0
    estCostCoop         0.1   0.1    24700.0     2038.7    0.08  183.8
    estCostCoop         0.2   0.2    21587.8     1781.8    0.08   53.5
    estCostCoop         0.2   0.2    20863.3     1688.9    0.08  155.2
    estCostCoop         0.2   0.2    16325.5     1321.6    0.08  162.0
    estCostCoop         0.2   0.2    16138.3     1255.2    0.08  120.1
    estCostCoop         0.2   0.2    15905.0     1186.6    0.07  118.3
    estCostCoop         0.2   0.2    18068.8     1348.0    0.07   44.8
    estCostCoop         0.2   0.2    15649.3     1167.5    0.07    0.0
    estCostCoop         0.2   0.2    15386.8     1147.9    0.07  190.8
    estCostCoop         0.1   0.1    24654.1     1839.3    0.07   61.1
    estCostCoop         0.2   0.2    22931.6     1710.8    0.07  113.7
    estCostCoop         0.1   0.1    24023.3     1334.6    0.06    0.0
    estCostCoop         0.1   0.1    32238.6     1637.5    0.05    0.0
    estCostCoop         0.1   0.1    43601.6     2007.1    0.05    0.0
    estCostCoop         0.0   0.0    88842.5     1974.3    0.02    0.0
    estCostCoop         0.0   0.0   209546.0     2660.9    0.01    0.0
    estCostCoop         0.0   0.0   456786.6     3625.3    0.01    0.0
    estCostCoop         0.0   0.0   365535.3     2320.9    0.01    0.0
    estCostCoop         0.0   0.0   378583.0     2403.7    0.01  938.9
    estCostCoop         0.0   0.0   350350.4     2224.4    0.01    0.0
    estCostCoop         0.0   0.0   778258.2     3706.0    0.00    0.0
    estCostCoop         0.0   0.0   701637.2     3341.1    0.00    0.0
    estCostCoop         0.0   0.0   640504.3     3050.0    0.00    0.0
    estCostCoop         0.0   0.0   784460.2     3735.5    0.00    0.0
    estCostCoop         0.0   0.0  1186217.4     3765.8    0.00    0.0
    estCostCoop         0.0   0.0   977653.7     3103.7    0.00    0.0
    estCostCoop         0.0   0.0   986533.1     3131.9    0.00    0.0
    estCostCoop         0.0   0.0  1217862.0     3866.2    0.00    0.0
    estCostCoop         0.0   0.0  1206665.5     3830.7    0.00 2992.7
    estCostCoop         0.0   0.0   944244.6     2997.6    0.00 2341.9
    estCostCoop         0.0   0.0   255962.3      812.6    0.00    0.0
    estCostCoop         0.0   0.0   279391.6      887.0    0.00    0.0
    estCostCoop         0.0   0.0   399492.7     1268.2    0.00    0.0
    estCostCoop         0.0   0.0   403148.4     1279.8    0.00    0.0
    estCostCoop         0.0   0.0   261400.0      829.8    0.00    0.0
    estCostCoop         0.0   0.0   291964.0      926.9    0.00    0.0
    estCostCoop         0.0   0.0   369523.2     1173.1    0.00    0.0
    estCostCoop         0.0   0.0   350916.3     1114.0    0.00    0.0
    estCostCoop         0.0   0.0   224391.0      712.4    0.00    0.0
    estCostCoop         0.0   0.0   358504.5     1138.1    0.00    0.0
    estCostCoop         0.0   0.0   110522.4      350.9    0.00    0.0
    estCostCoop         0.0   0.0   358484.1     1138.0    0.00    0.0
    estCostCoop         0.0   0.0   164473.7      522.1    0.00    0.0
    estCostCoop         0.0   0.0   356113.3     1130.5    0.00  883.2
    estCostCoop         0.0   0.0   332260.9     1054.8    0.00    0.0
    estCostCoop         0.0   0.0   347184.0     1102.2    0.00    0.0
    estCostCoop         0.0   0.0   175219.0      556.3    0.00    0.0
    estCostCoop         0.0   0.0   434992.8     1380.9    0.00    0.0
    estCostCoop         0.0   0.0   574345.9     1823.3    0.00    0.0
    estCostCoop         0.0   0.0   693985.5     2203.1    0.00    0.0
    estCostCoop         0.0   0.0   408216.2     1295.9    0.00    0.0
    estCostCoop         0.0   0.0   567414.2     1801.3    0.00    0.0
    estCostCoop         0.0   0.0   552631.6     1754.4    0.00    0.0
    estCostCoop         0.0   0.0   554138.5     1759.2    0.00    0.0
    estCostCoop         0.0   0.0   256191.3      813.3    0.00    0.0
    estCostCoop         0.0   0.0   333227.6     1057.9    0.00  826.5
    estCostCoop         0.0   0.0   341260.0     1083.4    0.00    0.0
    estCostCoop         0.0   0.0   346477.5     1099.9    0.00    0.0
    estCostCoop         0.0   0.0   184280.6      585.0    0.00    0.0
    estCostCoop         0.0   0.0   254864.7      809.1    0.00    0.0
    estCostCoop         0.0   0.0   487201.3     1546.7    0.00    0.0
    estCostCoop         0.0   0.0   485848.7     1542.4    0.00    0.0
    estCostCoop         0.0   0.0   228070.8      724.0    0.00    0.0
    estCostCoop         0.0   0.0  1077475.8     3420.6    0.00    0.0
    estCostCoop         0.0   0.0   917431.2     2912.5    0.00    0.0
    estCostCoop         0.0   0.0  1983627.1     3148.6    0.00    0.0
    estCostCoop         0.0   0.0  1401557.2     2224.7    0.00    0.0
    estCostCoop         0.0   0.0  1848049.4     2933.4    0.00    0.0
    estCostCoop         0.0   0.0  1932515.4     3067.5    0.00    0.0
    estCostCoop         0.0   0.0  2011494.1     3192.8    0.00    0.0
    estCostCoop         0.0   0.0  1499286.0     2379.8    0.00    0.0
<5>                    82.3  49.0       42.6     2225.3   52.24   87.1
  prelookahead          0.8   0.8     4513.5      265.1    0.06   67.2
  estCostSingle         1.9   1.9     1843.2      307.2    0.17   91.4
  estCostCoop           6.6   6.6      527.5     1479.6    2.80  104.7
  encodeCTU            31.7  31.7      110.5     5151.2   46.61   86.9
  slicetypeDecideEV    35.6   2.3       98.5        6.9    0.07   83.1
    prelookahead        1.1   1.1     3330.0      232.6    0.07   99.1
    prelookahead        0.8   0.8     4249.3      290.0    0.07   84.3
    prelookahead        1.0   1.0     3587.4      239.2    0.07   71.2
    prelookahead        0.8   0.8     4439.4      288.9    0.07   99.1
    prelookahead        0.7   0.7     4803.5      266.9    0.06   59.6
    estCostSingle       2.0   2.0     1743.7      119.0    0.07   95.1
    estCostSingle       1.9   1.9     1892.5      132.2    0.07   79.8
    estCostSingle       2.1   2.1     1683.4      117.6    0.07  104.4
    estCostSingle       1.3   1.3     2631.0      183.8    0.07   52.2
    estCostSingle       1.4   1.4     2528.2      172.6    0.07   87.8
    estCostSingle       2.0   2.0     1792.9      122.4    0.07   84.5
    estCostSingle       1.9   1.9     1843.7      125.8    0.07   91.5
    estCostSingle       1.2   1.2     3022.5      206.3    0.07   67.5
    estCostSingle       1.1   1.1     3110.5      212.3    0.07  100.3
    estCostSingle       1.0   1.0     3496.2      238.6    0.07   78.0
    estCostSingle       1.7   1.7     2029.7      135.3    0.07   70.5
    estCostSingle       0.7   0.7     4904.9      319.2    0.07   85.2
    estCostSingle       0.7   0.7     5063.0      321.5    0.06  125.6
    estCostSingle       0.7   0.7     5156.3      327.4    0.06  127.9
    estCostSingle       0.6   0.6     6363.3      353.5    0.06   94.7
    estCostSingle       0.5   0.5     6663.4      370.2    0.06   66.1
    estCostSingle       0.5   0.5     7328.9      395.5    0.05   90.9
    estCostSingle       0.5   0.5     7602.4      410.3    0.05   94.3
    estCostSingle       0.4   0.4     8237.9      431.5    0.05   40.9
    estCostSingle       0.4   0.4     7992.1      418.6    0.05  118.9
    estCostCoop         0.2   0.2    15854.4     1107.3    0.07  118.0
    estCostCoop         0.2   0.2    16199.7     1131.4    0.07   40.2
    estCostCoop         0.1   0.1    35713.9     2494.3    0.07  265.7
    estCostCoop         0.2   0.2    16945.6     1183.5    0.07  126.1
    estCostCoop         0.1   0.1    30174.7     2107.4    0.07   74.8
    estCostCoop         0.2   0.2    16067.5     1122.2    0.07   39.8
    estCostCoop         0.1   0.1    26968.1     1883.5    0.07    0.0
    estCostCoop         0.2   0.2    16429.0     1147.4    0.07   40.7
    estCostCoop         0.1   0.1    31705.0     2214.3    0.07  157.3
    estCostCoop         0.1   0.1    37728.6     2635.0    0.07   93.6
    estCostCoop         0.2   0.2    17344.1     1211.3    0.07    0.0
    estCostCoop         0.1   0.1    30350.0     2119.7    0.07    0.0
    estCostCoop         0.1   0.1    32350.3     2259.4    0.07    0.0
    estCostCoop         0.1   0.1    32392.4     2262.3    0.07  160.7
    estCostCoop         0.1   0.1    30498.3     2130.0    0.07  151.3
    estCostCoop         0.2   0.2    17573.5     1227.4    0.07  174.3
    estCostCoop         0.2   0.2    21687.7     1411.4    0.07  161.4
    estCostCoop         0.2   0.2    19490.2     1237.5    0.06    0.0
    estCostCoop         0.2   0.2    20912.0     1294.6    0.06   51.9
    estCostCoop         0.2   0.2    18674.6     1126.4    0.06  324.2
    estCostCoop         0.2   0.2    17912.2     1080.4    0.06  177.7
    estCostCoop         0.1   0.1    32079.4     1934.9    0.06  159.1
    estCostCoop         0.1   0.1    23630.6     1387.8    0.06  117.2
    estCostCoop         0.2   0.2    17919.9     1052.4    0.06    0.0
    estCostCoop         0.1   0.1    37087.8     2119.3    0.06    0.0
    estCostCoop         0.1   0.1    56004.0     3022.4    0.05  138.9
    estCostCoop         0.0   0.0    94154.9     2839.6    0.03    0.0
    estCostCoop         0.0   0.0   267447.8     2971.6    0.01    0.0
    estCostCoop         0.0   0.0   130141.1     1446.0    0.01    0.0
    estCostCoop         0.0   0.0   136674.3     1518.6    0.01    0.0
    estCostCoop         0.0   0.0   129720.4     1441.3    0.01    0.0
    estCostCoop         0.0   0.0    96399.6     1071.1    0.01    0.0
    estCostCoop         0.0   0.0   137554.6     1310.0    0.01    0.0
    estCostCoop         0.0   0.0   162710.8     1549.6    0.01    0.0
    estCostCoop         0.0   0.0   127283.0     1212.2    0.01    0.0
    estCostCoop         0.0   0.0   118392.1     1127.5    0.01  293.6
    estCostCoop         0.0   0.0   209678.5     1996.9    0.01 1040.1
    estCostCoop         0.0   0.0   204426.0     1946.9    0.01    0.0
    estCostCoop         0.0   0.0   243845.8     2322.3    0.01    0.0
    estCostCoop         0.1   0.1    36623.2      348.8    0.01    0.0
    estCostCoop         0.0   0.0   158001.7     1254.0    0.01    0.0
    estCostCoop         0.0   0.0   174293.2     1383.3    0.01    0.0
    estCostCoop         0.0   0.0   154768.3     1228.3    0.01  383.9
    estCostCoop         0.0   0.0   102432.4      813.0    0.01    0.0
    estCostCoop         0.0   0.0   166415.7     1320.8    0.01    0.0
    estCostCoop         0.0   0.0   216086.4     1372.0    0.01    0.0
    estCostCoop         0.0   0.0   267777.5     1700.2    0.01    0.0
    estCostCoop         0.0   0.0   214358.6     1361.0    0.01    0.0
    estCostCoop         0.0   0.0   242802.6     1541.6    0.01    0.0
    estCostCoop         0.0   0.0   244167.1     1550.3    0.01    0.0
    estCostCoop         0.0   0.0   238871.6     1516.6    0.01    0.0
    estCostCoop         0.0   0.0   158634.2     1007.2    0.01    0.0
    estCostCoop         0.0   0.0   340614.2     2162.6    0.01    0.0
    estCostCoop         0.0   0.0   325732.9     2068.1    0.01  807.9
    estCostCoop         0.0   0.0   272314.7     1729.0    0.01    0.0
    estCostCoop         0.0   0.0   212135.5     1346.9    0.01    0.0
    estCostCoop         0.0   0.0   243940.2     1548.8    0.01    0.0
    estCostCoop         0.0   0.0   178036.5     1130.4    0.01    0.0
    estCostCoop         0.0   0.0   345679.0     2194.8    0.01    0.0
    estCostCoop         0.0   0.0   175209.3     1112.4    0.01    0.0
    estCostCoop         0.0   0.0   244717.2     1165.3    0.00    0.0
    estCostCoop         0.0   0.0   253664.0     1207.9    0.00    0.0
    estCostCoop         0.0   0.0   256954.1     1223.6    0.00    0.0
    estCostCoop         0.0   0.0   149179.5      710.4    0.00  370.0
    estCostCoop         0.0   0.0   321789.8     1532.3    0.00    0.0
    estCostCoop         0.0   0.0   291855.8     1389.8    0.00    0.0
    estCostCoop         0.0   0.0   333245.2     1586.9    0.00    0.0
    estCostCoop         0.0   0.0   199847.7      951.7    0.00  495.7
    estCostCoop         0.0   0.0   226252.5     1077.4    0.00    0.0
    estCostCoop         0.0   0.0   141309.5      672.9    0.00  350.5
    estCostCoop         0.0   0.0   238293.4     1134.7    0.00    0.0
    estCostCoop         0.0   0.0   171840.0      818.3    0.00    0.0
    estCostCoop         0.0   0.0   228451.2     1087.9    0.00    0.0
    estCostCoop         0.0   0.0   308672.2     1469.9    0.00    0.0
    estCostCoop         0.0   0.0   241740.5     1151.1    0.00    0.0
    estCostCoop         0.0   0.0   145860.3      694.6    0.00    0.0
    estCostCoop         0.0   0.0   269058.3     1281.2    0.00    0.0
    estCostCoop         0.0   0.0   277949.3     1323.6    0.00  689.4
    estCostCoop         0.0   0.0    85908.3      409.1    0.00    0.0
    estCostCoop         0.0   0.0   184994.9      880.9    0.00    0.0
    estCostCoop         0.0   0.0   187561.4      893.1    0.00    0.0
    estCostCoop         0.0   0.0   455828.1     2170.6    0.00    0.0
    estCostCoop         0.0   0.0   437408.9     2082.9    0.00    0.0
    estCostCoop         0.0   0.0   165916.1      790.1    0.00    0.0
    estCostCoop         0.0   0.0   727146.8     3462.6    0.00    0.0
    estCostCoop         0.0   0.0   774146.0     3686.4    0.00 1920.0
    estCostCoop         0.0   0.0   620078.8     1968.5    0.00    0.0
    estCostCoop         0.0   0.0   661278.5     2099.3    0.00 1640.1
    estCostCoop         0.0   0.0   399340.8      633.9    0.00    0.0
    estCostCoop         0.0   0.0   744065.2     1181.1    0.00    0.0
    estCostCoop         0.0   0.0   752778.1     1194.9    0.00    0.0
    estCostCoop         0.0   0.0   490998.3      779.4    0.00    0.0
    estCostCoop         0.0   0.0   610998.0      969.8    0.00    0.0
    estCostCoop         0.0   0.0   635144.7     1008.2    0.00    0.0
    estCostCoop         0.0   0.0   638750.9     1013.9    0.00    0.0
    estCostCoop         0.0   0.0   423614.8      672.4    0.00    0.0
    estCostCoop         0.0   0.0   793350.9     1259.3    0.00    0.0
    estCostCoop         0.0   0.0  2514970.2     3992.0    0.00    0.0
    estCostCoop         0.0   0.0  2597938.0     4123.7    0.00 6443.3
    estCostCoop         0.0   0.0  1709633.8     2713.7    0.00    0.0
  filterCTURow          5.7   5.7      618.5     1565.8    2.53   93.6
<6>                    75.9  66.7       46.2     3409.0   73.80   92.6
  prelookahead          0.8   0.8     4252.9      276.8    0.07  126.6
  estCostSingle         1.7   1.7     2029.5      325.4    0.16   95.6
  estCostCoop          10.5  10.5      334.1     1223.9    3.66   95.3
  encodeCTU            47.2  47.2       74.2     4958.4   66.78   90.0
  filterCTURow          5.8   5.8      602.4     1872.3    3.11  103.1
  slicetypeDecideEV     9.8   0.6      357.4        6.2    0.02   92.2
    prelookahead        0.2   0.2    16287.4      284.4    0.02   80.8
    prelookahead        0.2   0.2    16781.8      293.0    0.02  249.7
    prelookahead        0.2   0.2    17644.5      280.1    0.02    0.0
    estCostSingle       0.1   0.1    66438.9      105.5    0.00  164.8
    prelookahead        0.2   0.2    19019.4      301.9    0.02   94.3
    estCostSingle       0.0   0.0    86512.3      137.3    0.00    0.0
    prelookahead        0.2   0.2    19535.7      279.1    0.01   48.5
    estCostSingle       0.1   0.1    38689.7      122.8    0.00   96.0
    estCostSingle       0.5   0.5     7111.0      124.2    0.02  141.1
    estCostSingle       0.5   0.5     7159.2      125.0    0.02   53.3
    estCostSingle       0.5   0.5     7261.0      126.8    0.02  108.0
    estCostSingle       0.6   0.6     6280.4      109.7    0.02   62.3
    estCostSingle       0.3   0.3    11211.2      195.8    0.02   55.6
    estCostSingle       0.5   0.5     6874.7      120.0    0.02   85.3
    estCostSingle       0.5   0.5     6692.2      106.2    0.02  116.2
    estCostCoop         0.0   0.0   535987.8      850.8    0.00    0.0
    estCostSingle       0.3   0.3    12572.7      199.6    0.02   62.4
    estCostCoop         0.0   0.0   644963.1     1023.8    0.00    0.0
    estCostSingle       0.3   0.3    13625.3      216.3    0.02  135.2
    estCostCoop         0.0   0.0   668647.9     1061.3    0.00 1658.4
    estCostSingle       0.2   0.2    14215.3      225.6    0.02  141.0
    estCostCoop         0.0   0.0   434093.6      689.0    0.00    0.0
    estCostSingle       0.4   0.4     9715.1      154.2    0.02   72.3
    estCostCoop         0.0   0.0   641482.5     1018.2    0.00    0.0
    estCostSingle       0.2   0.2    19288.4      306.2    0.02   95.7
    estCostCoop         0.0   0.0   641286.6     1017.9    0.00    0.0
    estCostSingle       0.2   0.2    20973.0      332.9    0.02   52.0
    estCostCoop         0.0   0.0   656523.6     1042.1    0.00    0.0
    estCostSingle       0.2   0.2    15468.2      245.5    0.02   76.7
    estCostCoop         0.0   0.0   454972.2      722.2    0.00    0.0
    estCostSingle       0.1   0.1    23697.7      338.5    0.01  176.3
    estCostCoop         0.0   0.0   332085.8     1054.2    0.00    0.0
    estCostSingle       0.1   0.1    28607.5      408.7    0.01  141.9
    estCostCoop         0.0   0.0   542168.7     1721.2    0.00    0.0
    estCostSingle       0.1   0.1    31185.3      445.5    0.01  154.7
    estCostCoop         0.0   0.0  1222826.1     3882.0    0.00    0.0
    estCostSingle       0.1   0.1    31684.7      402.3    0.01   78.6
    estCostCoop         0.0   0.0   254576.3     1212.3    0.00    0.0
    estCostSingle       0.1   0.1    32654.0      414.7    0.01    0.0
    estCostCoop         0.0   0.0   283873.3     1351.8    0.00    0.0
    estCostSingle       0.1   0.1    29445.7      373.9    0.01   73.0
    estCostCoop         0.0   0.0   288554.0     1374.1    0.00    0.0
    estCostCoop         0.1   0.1    56803.3      901.6    0.02  140.9
    estCostSingle       0.0   0.0   155363.8      246.6    0.00    0.0
    estCostCoop         0.1   0.1    66415.1     1054.2    0.02    0.0
    estCostSingle       0.0   0.0   128419.4      203.8    0.00    0.0
    estCostCoop         0.0   0.0   190395.6     3022.2    0.02    0.0
    estCostSingle       0.0   0.0   142311.8      225.9    0.00  353.0
    estCostCoop         0.0   0.0    83888.1     1331.6    0.02  416.1
    estCostSingle       0.0   0.0   143674.9      228.1    0.00    0.0
    estCostCoop         0.0   0.0   138251.9     2194.5    0.02    0.0
    estCostSingle       0.0   0.0   145094.4      230.3    0.00    0.0
    estCostCoop         0.0   0.0    81035.2     1286.3    0.02    0.0
    estCostSingle       0.0   0.0   155203.0      246.4    0.00    0.0
    estCostCoop         0.0   0.0   159328.3     2529.0    0.02    0.0
    estCostSingle       0.0   0.0   142511.4      226.2    0.00  353.5
    estCostCoop         0.1   0.1    59210.5      939.8    0.02  293.7
    estCostSingle       0.0   0.0   149832.3      237.8    0.00    0.0
    estCostCoop         0.0   0.0   142630.8     2264.0    0.02    0.0
    estCostSingle       0.0   0.0   130127.6      206.6    0.00    0.0
    estCostCoop         0.0   0.0   134259.7     2131.1    0.02  666.0
    estCostSingle       0.0   0.0   153426.5      243.5    0.00  380.5
    estCostCoop         0.0   0.0    81146.9     1288.0    0.02  201.3
    estCostSingle       0.0   0.0   144445.7      229.3    0.00    0.0
    estCostCoop         0.0   0.0   146528.7     2325.9    0.02    0.0
    estCostSingle       0.0   0.0   133466.1      211.9    0.00    0.0
    estCostCoop         0.0   0.0   167046.7     2651.5    0.02    0.0
    estCostSingle       0.0   0.0   150923.5      239.6    0.00    0.0
    estCostCoop         0.0   0.0   155031.1     2460.8    0.02    0.0
    estCostSingle       0.0   0.0   148532.4      235.8    0.00  368.4
    estCostCoop         0.0   0.0   107668.4     1709.0    0.02    0.0
    estCostSingle       0.0   0.0   141009.0      223.8    0.00    0.0
    estCostCoop         0.0   0.0    92477.1     1467.9    0.02    0.0
    estCostSingle       0.0   0.0   148855.2      236.3    0.00    0.0
    estCostCoop         0.0   0.0    88696.2     1267.1    0.01    0.0
    estCostSingle       0.0   0.0   150254.0      238.5    0.00    0.0
    estCostCoop         0.1   0.1    69876.5      998.2    0.01    0.0
    estCostSingle       0.0   0.0   150300.6      238.6    0.00  372.8
    estCostCoop         0.0   0.0    95502.3     1364.3    0.01    0.0
    estCostSingle       0.0   0.0   141012.2      223.8    0.00    0.0
    estCostCoop         0.0   0.0    83674.2     1195.3    0.01    0.0
    estCostSingle       0.0   0.0   124898.4      198.3    0.00    0.0
    estCostCoop         0.0   0.0    82730.4     1181.9    0.01  205.2
    estCostSingle       0.0   0.0   154366.4      245.0    0.00  382.9
    estCostCoop         0.0   0.0   168219.8     2403.1    0.01    0.0
    estCostSingle       0.0   0.0   132975.9      211.1    0.00    0.0
    estCostCoop         0.0   0.0   108383.4     1548.3    0.01  268.8
    estCostSingle       0.0   0.0   140760.1      223.4    0.00    0.0
    estCostCoop         0.0   0.0   103678.1     1316.5    0.01  257.1
    estCostSingle       0.0   0.0   294530.2      467.5    0.00    0.0
    estCostCoop         0.0   0.0   186888.2     2373.2    0.01    0.0
    estCostSingle       0.0   0.0   151246.0      240.1    0.00  375.1
    estCostCoop         0.0   0.0   230870.7     2198.8    0.01    0.0
    estCostSingle       0.0   0.0   160305.4      254.5    0.00    0.0
    estCostCoop         0.0   0.0   477453.6     1515.7    0.00    0.0
    estCostSingle       0.0   0.0   123527.0      196.1    0.00    0.0
    estCostCoop         0.0   0.0   490234.2     1556.3    0.00    0.0
    estCostSingle       0.0   0.0   315047.2      500.1    0.00    0.0
    estCostCoop         0.0   0.0   659893.2     1047.4    0.00    0.0
    estCostSingle       0.0   0.0   312888.0      496.6    0.00    0.0
    estCostCoop         0.0   0.0   302346.8      479.9    0.00  749.9
    estCostSingle       0.0   0.0   146822.4      233.1    0.00  364.1
    estCostCoop         0.0   0.0  2247592.0     3567.6    0.00    0.0
    estCostSingle       0.0   0.0   155732.4      247.2    0.00    0.0
    estCostCoop         0.0   0.0  2311926.8     3669.7    0.00    0.0
    estCostSingle       0.0   0.0   234148.5      371.7    0.00    0.0
    estCostCoop         0.0   0.0  2202027.2     3495.3    0.00    0.0
    estCostSingle       0.0   0.0   307872.8      488.7    0.00    0.0
    estCostCoop         0.0   0.0   529189.4      840.0    0.00    0.0
    estCostSingle       0.0   0.0   292615.0      464.5    0.00    0.0
    estCostCoop         0.0   0.0  2137042.0     3392.1    0.00    0.0
    estCostSingle       0.0   0.0   154237.9      244.8    0.00  382.5
    estCostCoop         0.0   0.0  2263744.2     3593.2    0.00    0.0
    estCostSingle       0.0   0.0   325817.1      517.2    0.00    0.0
    estCostCoop         0.0   0.0  2239602.0     3554.9    0.00    0.0
    estCostSingle       0.0   0.0   312608.6      496.2    0.00    0.0
    estCostCoop         0.0   0.0  1565217.4     2484.5    0.00    0.0
    estCostSingle       0.0   0.0   319634.7      507.4    0.00    0.0
    estCostCoop         0.0   0.0  2232459.2     3543.6    0.00    0.0
    estCostSingle       0.0   0.0   212049.8      336.6    0.00    0.0
    estCostCoop         0.0   0.0   970425.2     1540.4    0.00    0.0
    estCostSingle       0.0   0.0   289641.8      459.7    0.00    0.0
    estCostCoop         0.0   0.0  2101401.0     3335.6    0.00    0.0
    estCostSingle       0.0   0.0   330969.3      525.3    0.00    0.0
    estCostCoop         0.0   0.0  1328553.4     2108.8    0.00    0.0
    estCostSingle       0.0   0.0   302172.8      479.6    0.00  749.4
    estCostCoop         0.0   0.0  2153110.2     3417.6    0.00    0.0
    estCostSingle       0.0   0.0   326222.1      517.8    0.00    0.0
    estCostCoop         0.0   0.0  2267002.5     3598.4    0.00    0.0
    estCostSingle       0.0   0.0   294750.6      467.9    0.00    0.0
    estCostCoop         0.0   0.0   560249.1     1778.6    0.00    0.0
    estCostCoop         0.0   0.0   459083.3     1457.4    0.00    0.0
    estCostCoop         0.0   0.0   294709.3      935.6    0.00    0.0
    estCostCoop         0.0   0.0   536672.6     1703.7    0.00    0.0
    estCostCoop         0.0   0.0   712105.8     2260.7    0.00    0.0
    estCostCoop         0.0   0.0   375558.9     1192.3    0.00    0.0
    estCostCoop         0.0   0.0   616257.4     1956.4    0.00    0.0
    estCostCoop         0.0   0.0   579363.6     1839.2    0.00 1436.9
    estCostCoop         0.0   0.0   510741.8     1621.4    0.00    0.0
    estCostCoop         0.0   0.0   437166.1     1387.8    0.00    0.0
    estCostCoop         0.0   0.0   762711.9     2421.3    0.00    0.0
    estCostCoop         0.0   0.0   671284.0     2131.1    0.00 1664.9
    estCostCoop         0.0   0.0   583819.9     1853.4    0.00    0.0
    estCostCoop         0.0   0.0   384123.0     1219.4    0.00    0.0
    estCostCoop         0.0   0.0   527108.4     1673.4    0.00    0.0
    estCostCoop         0.0   0.0   534941.0     1698.2    0.00    0.0
    estCostCoop         0.0   0.0   393996.2     1250.8    0.00    0.0
    estCostCoop         0.0   0.0   585393.1     1858.4    0.00    0.0
    estCostCoop         0.0   0.0   581449.0     1845.9    0.00    0.0
    estCostCoop         0.0   0.0   427698.6     1357.8    0.00    0.0
    estCostCoop         0.0   0.0  1139240.6     3616.6    0.00    0.0
    estCostCoop         0.0   0.0  1012048.2     3212.9    0.00    0.0
    estCostCoop         0.0   0.0   770171.1     2445.0    0.00    0.0
    estCostCoop         0.0   0.0   916363.6     2909.1    0.00    0.0
    estCostCoop         0.0   0.0   555310.7     1762.9    0.00    0.0
    estCostCoop         0.0   0.0   531152.5     1686.2    0.00    0.0
    estCostCoop         0.0   0.0   516901.8     1641.0    0.00    0.0
    estCostCoop         0.0   0.0   397601.8     1262.2    0.00    0.0
    estCostCoop         0.0   0.0   453270.0     1439.0    0.00 1124.2
    estCostCoop         0.0   0.0    80702.0      256.2    0.00    0.0
    estCostCoop         0.0   0.0   498970.4     1584.0    0.00    0.0
    estCostCoop         0.0   0.0   365832.4     1161.4    0.00    0.0
    estCostCoop         0.0   0.0  1114452.5     3537.9    0.00    0.0
    estCostCoop         0.0   0.0  1129234.6     3584.9    0.00    0.0
    estCostCoop         0.0   0.0  1123395.2     3566.3    0.00    0.0
    estCostCoop         0.0   0.0   903873.8     2869.4    0.00    0.0
    estCostCoop         0.0   0.0  1031096.6     3273.3    0.00 2557.3
    estCostCoop         0.0   0.0  1072340.5     3404.3    0.00    0.0
    estCostCoop         0.0   0.0   566444.9     1798.2    0.00 1404.9
    estCostCoop         0.0   0.0   518732.0     1646.8    0.00    0.0
    estCostCoop         0.0   0.0   617647.1      980.4    0.00    0.0
    estCostCoop         0.0   0.0   744504.8     1181.8    0.00    0.0
    estCostCoop         0.0   0.0   675458.4     1072.2    0.00    0.0
    estCostCoop         0.0   0.0   765027.3     1214.3    0.00    0.0
    estCostCoop         0.0   0.0  2376462.0     3772.2    0.00    0.0
    estCostCoop         0.0   0.0   759402.2     1205.4    0.00    0.0
    estCostCoop         0.0   0.0   656455.2     1042.0    0.00    0.0
    estCostCoop         0.0   0.0  2313625.0     3672.4    0.00    0.0
<7>                     6.0   6.0      584.6      557.7    0.95   37.7
  frameRead             6.0   6.0      584.6      557.7    0.95   37.7
