#
# x265 --input FourPeople_1280x720_60.y4m -o out.h265 \
#      --pools 0 --frame-threads 1 --bframes 0 --rc-lookahead 0 --preset superfast --ref 1 --bitrate 2000
----------------------------------------------------------------------
Threads summary [ 3 thread(s) ]
----------------------------------------------------------------------
name                   inc%  exc%        fps   call/sec call/fr   cpu%
<main>                100.0  91.7       22.4       22.4    1.00    9.0
<1>                    90.5   5.4       24.7       24.6    1.00   99.3
<2>                     1.7   1.7     1281.6     1277.3    1.00   93.0

----------------------------------------------------------------------
Stack top [ 3 thread(s) ]
----------------------------------------------------------------------
name                   inc%  exc%        fps   call/sec call/fr   cpu%
<main>                100.0  91.7       22.4       22.4    1.00    9.0
  Encoder::encode     100.0  91.7       22.4       22.4    1.00    9.0
<1>                    90.5   5.4       24.7       24.6    1.00   99.3
  frameThread          90.5   5.4       24.7       24.6    1.00   99.3
<2>                     1.7   1.7     1281.6     1277.3    1.00   93.0
  frameRead             1.7   1.7     1281.6     1277.3    1.00   93.0

----------------------------------------------------------------------
Summary report [ 3 thread(s) ]
----------------------------------------------------------------------
name                   inc%  exc%        fps   call/sec call/fr   cpu%
<main>                100.0  91.7       22.4       22.4    1.00    9.0
  Encoder::encode     100.0  91.7       22.4       22.4    1.00    9.0
    slicetypeDecideEV   8.3   4.6      268.5      267.6    1.00  102.3
      prelookahead      3.8   3.8      595.5      593.5    1.00  108.0
<1>                    90.5   5.4       24.7       24.6    1.00   99.3
  frameThread          90.5   5.4       24.7       24.6    1.00   99.3
    encodeCTU          84.8  84.8       26.4    24189.6  916.95  100.3
    filterCTURow        0.3   0.3     7751.8   177714.6   22.92  160.7
<2>                     1.7   1.7     1281.6     1277.3    1.00   93.0
  frameRead             1.7   1.7     1281.6     1277.3    1.00   93.0

----------------------------------------------------------------------
Detailed report [ 3 thread(s) ]
----------------------------------------------------------------------
name                   inc%  exc%        fps   call/sec call/fr   cpu%
<main>                100.0  91.7       22.4       22.4    1.00    9.0
  Encoder::encode     100.0  91.7       22.4       22.4    1.00    9.0
    slicetypeDecideEV   8.3   4.6      268.5      267.6    1.00  102.3
      prelookahead      3.8   3.8      595.5      593.5    1.00  108.0
<1>                    90.5   5.4       24.7       24.6    1.00   99.3
  frameThread          90.5   5.4       24.7       24.6    1.00   99.3
    encodeCTU           0.1   0.1    20939.7    20870.3    1.00    0.0
    encodeCTU           0.0   0.0    75501.5    75255.9    1.00    0.0
    encodeCTU           0.1   0.1    32877.9    32769.7    1.00   85.2
    encodeCTU           0.0   0.0    67841.2    67617.8    1.00    0.0
    encodeCTU           0.0   0.0    60497.2    60299.1    1.00    0.0
    encodeCTU           0.0   0.0    62292.1    62088.7    1.00    0.0
    encodeCTU           0.0   0.0    59639.8    59442.4    1.00  463.6
    encodeCTU           0.0   0.0    52658.7    52485.2    1.00    0.0
    encodeCTU           0.1   0.1    44344.4    44198.9    1.00  114.9
    encodeCTU           0.0   0.0    60516.6    60317.3    1.00  156.8
    encodeCTU           0.0   0.0    62002.6    61797.1    1.00    0.0
    encodeCTU           0.0   0.0    77654.1    77399.4    1.00    0.0
    encodeCTU           0.0   0.0    53271.4    53095.5    1.00  138.0
    encodeCTU           0.0   0.0    62389.4    62185.2    1.00    0.0
    encodeCTU           0.0   0.0    54184.7    54007.3    1.00  280.8
    encodeCTU           0.0   0.0    50928.6    50761.4    1.00  132.0
    encodeCTU           0.1   0.1    28555.5    28460.8    1.00    0.0
    encodeCTU           0.1   0.1    32988.1    32879.6    1.00   85.5
    encodeCTU           0.0   0.0    57457.6    57267.2    1.00  148.9
    encodeCTU           0.0   0.0    73157.4    72918.2    1.00  379.1
    encodeCTU           0.0   0.0    63881.9    63674.0    1.00    0.0
    encodeCTU           0.0   0.0    59994.0    59797.9    1.00    0.0
    encodeCTU           0.0   0.0    69048.4    68823.1    1.00    0.0
    encodeCTU           0.0   0.0    68191.1    67967.1    1.00    0.0
    encodeCTU           0.0   0.0    65689.9    65475.0    1.00    0.0
    encodeCTU           0.0   0.0    72693.5    72453.3    1.00  188.4
    encodeCTU           0.0   0.0    73631.8    73389.1    1.00  190.8
    encodeCTU           0.0   0.0    66501.2    66282.2    1.00    0.0
    encodeCTU           0.0   0.0    58878.7    58685.4    1.00    0.0
    encodeCTU           0.0   0.0    63184.4    62976.3    1.00    0.0
    encodeCTU           0.0   0.0    69053.2    68827.9    1.00    0.0
    encodeCTU           0.0   0.0    64467.8    64255.0    1.00    0.0
    encodeCTU           0.0   0.0    56376.2    56189.2    1.00    0.0
    encodeCTU           0.0   0.0    59537.9    59343.7    1.00  154.3
    encodeCTU           0.0   0.0    49604.7    49441.3    1.00  128.5
    encodeCTU           0.0   0.0    49782.5    49617.9    1.00    0.0
    encodeCTU           0.1   0.1    37599.1    37475.6    1.00   97.4
    encodeCTU           0.1   0.1    14965.1    14915.6    1.00   77.6
    encodeCTU           0.1   0.1    22620.5    22545.9    1.00    0.0
    encodeCTU           0.1   0.1    27260.5    27170.2    1.00  141.3
    encodeCTU           0.0   0.0    59817.3    59619.6    1.00  155.0
    encodeCTU           0.0   0.0    74751.8    74504.5    1.00  193.7
    encodeCTU           0.0   0.0    46336.1    46183.0    1.00  120.1
    encodeCTU           0.1   0.1    26078.7    25992.3    1.00    0.0
    encodeCTU           0.1   0.1    30650.2    30549.3    1.00   79.4
    encodeCTU           0.1   0.1    41076.3    40941.7    1.00  319.3
    encodeCTU           0.1   0.1    35858.1    35739.8    1.00   92.9
    encodeCTU           0.1   0.1    38397.9    38271.7    1.00   99.5
    encodeCTU           0.1   0.1    40730.3    40595.9    1.00  211.1
    encodeCTU           0.1   0.1    39106.6    38977.2    1.00  202.7
    encodeCTU           0.1   0.1    42869.6    42727.7    1.00  111.1
    encodeCTU           0.0   0.0    76314.6    76063.0    1.00    0.0
    encodeCTU           0.0   0.0    55346.5    55163.3    1.00  143.4
    encodeCTU           0.0   0.0    50518.2    50352.5    1.00  130.9
    encodeCTU           0.1   0.1    41219.2    41082.9    1.00  320.4
    encodeCTU           0.0   0.0    47311.9    47156.5    1.00    0.0
    encodeCTU           0.0   0.0    47009.1    46853.8    1.00  121.8
    encodeCTU           0.0   0.0    48473.8    48313.8    1.00  251.2
    encodeCTU           0.0   0.0    46314.1    46161.7    1.00  120.0
    encodeCTU           0.0   0.0    51819.7    51650.2    1.00  134.3
    encodeCTU           0.0   0.0    63089.2    62881.2    1.00  163.5
    encodeCTU           0.0   0.0    58642.2    58448.8    1.00    0.0
    encodeCTU           0.0   0.0    67786.3    67563.0    1.00    0.0
    encodeCTU           0.0   0.0    68365.0    68138.5    1.00    0.0
    encodeCTU           0.0   0.0    61292.3    61091.1    1.00  317.6
    encodeCTU           0.0   0.0    58687.3    58493.2    1.00    0.0
    encodeCTU           0.0   0.0    66159.8    65941.3    1.00    0.0
    encodeCTU           0.0   0.0    76760.5    76511.1    1.00    0.0
    encodeCTU           0.0   0.0    62072.8    61869.7    1.00    0.0
    encodeCTU           0.0   0.0    67022.3    66800.3    1.00    0.0
    encodeCTU           0.0   0.0    64660.7    64449.6    1.00  335.1
    encodeCTU           0.0   0.0    76082.6    75832.3    1.00    0.0
    encodeCTU           0.0   0.0    53901.9    53725.9    1.00    0.0
    encodeCTU           0.0   0.0    57711.1    57520.9    1.00  149.5
    encodeCTU           0.1   0.1    43845.9    43700.6    1.00    0.0
    encodeCTU           0.0   0.0    52579.7    52405.4    1.00    0.0
    encodeCTU           0.1   0.1    37983.5    37858.7    1.00    0.0
    encodeCTU           0.1   0.1    15882.3    15829.8    1.00   41.2
    encodeCTU           0.1   0.1    24553.8    24472.6    1.00   63.6
    encodeCTU           0.1   0.1    25846.0    25760.6    1.00  133.9
    filterCTURow        0.1   0.1    25552.4    25468.0    1.00  132.4
    encodeCTU           0.0   0.0    59753.9    59555.7    1.00  154.8
    encodeCTU           0.0   0.0    88325.8    88035.9    1.00  228.9
    encodeCTU           0.0   0.0    50481.0    50314.5    1.00    0.0
    encodeCTU           0.0   0.0    80505.2    80243.9    1.00  208.6
    encodeCTU           0.0   0.0    45800.1    45649.6    1.00    0.0
    encodeCTU           0.1   0.1    36795.2    36674.4    1.00    0.0
    encodeCTU           0.1   0.1    41037.4    40901.5    1.00    0.0
    encodeCTU           0.1   0.1    39751.1    39619.7    1.00    0.0
    encodeCTU           0.1   0.1    37755.7    37630.8    1.00   97.8
    encodeCTU           0.1   0.1    44049.3    43903.9    1.00  114.1
    encodeCTU           0.1   0.1    38918.8    38789.8    1.00  201.7
    encodeCTU           0.1   0.1    41118.3    40983.6    1.00    0.0
    encodeCTU           0.1   0.1    40971.1    40836.3    1.00    0.0
    encodeCTU           0.0   0.0    60332.6    60135.9    1.00  156.3
    encodeCTU           0.0   0.0    50358.3    50193.2    1.00    0.0
    encodeCTU           0.1   0.1    36996.8    36874.5    1.00   95.9
    encodeCTU           0.1   0.1    32272.7    32165.7    1.00   83.6
    encodeCTU           0.1   0.1    34870.6    34756.0    1.00  271.1
    encodeCTU           0.1   0.1    31581.4    31477.2    1.00  163.7
    encodeCTU           0.1   0.1    30464.7    30363.8    1.00    0.0
    encodeCTU           0.1   0.1    36542.8    36421.9    1.00    0.0
    encodeCTU           0.0   0.0    46978.0    46823.1    1.00  365.2
    encodeCTU           0.0   0.0    66021.4    65802.5    1.00  171.1
    encodeCTU           0.0   0.0    70568.4    70338.3    1.00    0.0
    encodeCTU           0.0   0.0    63711.1    63500.1    1.00  165.1
    encodeCTU           0.0   0.0    65471.6    65257.1    1.00  339.3
    encodeCTU           0.0   0.0    59952.9    59755.0    1.00    0.0
    encodeCTU           0.0   0.0    72173.2    71937.3    1.00    0.0
    encodeCTU           0.0   0.0    68268.3    68045.7    1.00  176.9
    encodeCTU           0.0   0.0    65018.4    64804.6    1.00  337.0
    encodeCTU           0.0   0.0    66291.4    66072.0    1.00    0.0
    encodeCTU           0.0   0.0    73981.4    73740.9    1.00    0.0
    encodeCTU           0.0   0.0    60986.1    60786.6    1.00  158.0
    encodeCTU           0.0   0.0    54344.9    54165.3    1.00  140.8
    encodeCTU           0.0   0.0    45145.5    44996.4    1.00  234.0
    encodeCTU           0.0   0.0    55720.4    55537.0    1.00    0.0
    encodeCTU           0.1   0.1    37794.3    37669.0    1.00   97.9
    encodeCTU           0.1   0.1    15132.8    15082.7    1.00   78.4
    encodeCTU           0.1   0.1    23075.4    22999.1    1.00  119.6
    encodeCTU           0.1   0.1    27104.3    27014.6    1.00   70.2
    filterCTURow        0.0   0.0   743709.9   741289.9    1.00    0.0
    encodeCTU           0.0   0.0    54757.0    54576.2    1.00  141.9
    encodeCTU           0.0   0.0    78104.8    77851.3    1.00  202.4
    encodeCTU           0.0   0.0    51029.5    50862.1    1.00    0.0
    encodeCTU           0.0   0.0    79228.5    78970.2    1.00    0.0
    encodeCTU           0.0   0.0    64737.1    64524.5    1.00  167.7
    encodeCTU           0.0   0.0    59954.1    59758.6    1.00  155.4
    encodeCTU           0.0   0.0    63739.4    63528.4    1.00  330.3
    encodeCTU           0.0   0.0    74015.0    73773.5    1.00    0.0
    encodeCTU           0.0   0.0    54436.1    54256.4    1.00  141.1
    encodeCTU           0.0   0.0    79680.8    79421.8    1.00    0.0
    encodeCTU           0.0   0.0    71992.3    71756.6    1.00    0.0
    encodeCTU           0.0   0.0    73489.1    73249.3    1.00    0.0
    encodeCTU           0.0   0.0    55323.1    55142.0    1.00  143.4
    encodeCTU           0.0   0.0    62859.6    62652.7    1.00    0.0
    encodeCTU           0.0   0.0    71253.0    71017.7    1.00  184.6
    encodeCTU           0.0   0.0    63394.3    63187.2    1.00  164.3
    encodeCTU           0.0   0.0    61975.8    61770.3    1.00  160.6
    encodeCTU           0.0   0.0    74894.7    74649.2    1.00    0.0
    encodeCTU           0.0   0.0    61479.8    61278.3    1.00  318.6
    encodeCTU           0.0   0.0    76675.6    76423.4    1.00  198.7
    encodeCTU           0.0   0.0    59869.5    59673.0    1.00  155.1
    encodeCTU           0.0   0.0    60577.4    60379.2    1.00  157.0
    encodeCTU           0.0   0.0    62483.8    62278.1    1.00  161.9
    encodeCTU           0.0   0.0    76350.4    76097.7    1.00    0.0
    encodeCTU           0.0   0.0    64585.2    64374.9    1.00  167.4
    encodeCTU           0.0   0.0    60292.2    60092.5    1.00    0.0
    encodeCTU           0.0   0.0    56894.3    56708.6    1.00  147.4
    encodeCTU           0.0   0.0    60337.4    60139.5    1.00  469.0
    encodeCTU           0.0   0.0    74059.5    73817.1    1.00    0.0
    encodeCTU           0.0   0.0    73393.4    73152.9    1.00  190.2
    encodeCTU           0.0   0.0    61121.5    60919.9    1.00    0.0
    encodeCTU           0.0   0.0    74983.2    74738.4    1.00    0.0
    encodeCTU           0.0   0.0    56728.4    56541.9    1.00    0.0
    encodeCTU           0.0   0.0    51910.7    51741.1    1.00    0.0
    encodeCTU           0.1   0.1    42736.3    42594.9    1.00    0.0
    encodeCTU           0.0   0.0    51989.9    51818.8    1.00  134.7
    encodeCTU           0.1   0.1    37085.8    36963.1    1.00  288.3
    encodeCTU           0.1   0.1    15402.5    15351.6    1.00   39.9
    encodeCTU           0.1   0.1    22669.9    22594.8    1.00   58.7
    encodeCTU           0.1   0.1    23740.4    23661.9    1.00   61.5
    filterCTURow        0.0   0.0   949755.9   946969.8    1.00    0.0
    encodeCTU           0.0   0.0    47057.9    46902.1    1.00  121.9
    encodeCTU           0.0   0.0    76417.1    76167.3    1.00    0.0
    encodeCTU           0.0   0.0    51617.4    51448.3    1.00  133.8
    encodeCTU           0.0   0.0    61196.5    60994.2    1.00    0.0
    encodeCTU           0.0   0.0    56818.2    56631.6    1.00    0.0
    encodeCTU           0.0   0.0    52087.4    51915.7    1.00  135.0
    encodeCTU           0.0   0.0    49366.8    49205.3    1.00  255.8
    encodeCTU           0.0   0.0    60637.1    60437.6    1.00    0.0
    encodeCTU           0.0   0.0    61674.7    61470.4    1.00  159.8
    encodeCTU           0.0   0.0    83056.7    82781.5    1.00    0.0
    encodeCTU           0.0   0.0    58951.8    58757.9    1.00    0.0
    encodeCTU           0.0   0.0    69378.9    69151.5    1.00    0.0
    encodeCTU           0.0   0.0    58965.6    58771.7    1.00  152.8
    encodeCTU           0.0   0.0    58403.1    58210.6    1.00    0.0
    encodeCTU           0.0   0.0    58108.7    57917.3    1.00  150.6
    encodeCTU           0.0   0.0    51328.8    51158.7    1.00    0.0
    encodeCTU           0.0   0.0    47194.2    47038.9    1.00  366.9
    encodeCTU           0.0   0.0    65259.0    65044.9    1.00    0.0
    encodeCTU           0.0   0.0    70773.8    70541.8    1.00  183.4
    encodeCTU           0.0   0.0    71802.8    71566.6    1.00  186.1
    encodeCTU           0.0   0.0    58612.5    58421.5    1.00  151.9
    encodeCTU           0.0   0.0    59848.1    59651.6    1.00  310.2
    encodeCTU           0.0   0.0    57800.1    57610.3    1.00  149.8
    encodeCTU           0.0   0.0    65964.4    65746.2    1.00    0.0
    encodeCTU           0.0   0.0    61406.5    61203.3    1.00    0.0
    encodeCTU           0.0   0.0    59186.7    58993.6    1.00    0.0
    encodeCTU           0.0   0.0    52796.6    52623.3    1.00    0.0
    encodeCTU           0.0   0.0    69230.8    69003.6    1.00  358.8
    encodeCTU           0.0   0.0    64959.6    64745.9    1.00  168.3
    encodeCTU           0.0   0.0    69422.9    69194.6    1.00  179.9
    encodeCTU           0.0   0.0    68554.7    68329.4    1.00    0.0
    encodeCTU           0.0   0.0    68520.4    68296.7    1.00  532.7
    encodeCTU           0.0   0.0    67476.1    67254.0    1.00  174.8
    encodeCTU           0.0   0.0    63040.4    62833.8    1.00  163.4
    encodeCTU           0.1   0.1    39637.4    39507.0    1.00    0.0
    encodeCTU           0.0   0.0    47174.6    47019.0    1.00  122.2
    encodeCTU           0.1   0.1    23908.2    23829.4    1.00    0.0
    encodeCTU           0.2   0.2    11851.8    11812.7    1.00  122.8
    encodeCTU           0.1   0.1    16845.0    16789.2    1.00  218.2
    encodeCTU           0.1   0.1    21211.1    21141.2    1.00    0.0
    filterCTURow        0.0   0.0   899597.2   896861.1    1.00    0.0
    encodeCTU           0.1   0.1    39826.2    39695.1    1.00    0.0
    encodeCTU           0.0   0.0    60455.4    60255.5    1.00    0.0
    encodeCTU           0.0   0.0    50820.9    50653.4    1.00    0.0
    encodeCTU           0.0   0.0    55290.7    55108.6    1.00    0.0
    encodeCTU           0.0   0.0    50940.2    50771.7    1.00    0.0
    encodeCTU           0.0   0.0    51627.6    51458.9    1.00    0.0
    encodeCTU           0.0   0.0    45939.0    45787.5    1.00  238.1
    encodeCTU           0.0   0.0    59095.1    58899.8    1.00    0.0
    encodeCTU           0.0   0.0    51843.3    51671.6    1.00  134.3
    encodeCTU           0.0   0.0    69811.9    69584.6    1.00    0.0
    encodeCTU           0.0   0.0    66563.6    66343.8    1.00    0.0
    encodeCTU           0.0   0.0    65157.5    64943.5    1.00    0.0
    encodeCTU           0.0   0.0    57203.6    57015.8    1.00  148.2
    encodeCTU           0.0   0.0    53154.5    52980.1    1.00  275.5
    encodeCTU           0.0   0.0    54830.1    54650.8    1.00    0.0
    encodeCTU           0.0   0.0    50138.9    49975.0    1.00  129.9
    encodeCTU           0.1   0.1    39116.5    38987.9    1.00    0.0
    encodeCTU           0.1   0.1    34460.3    34346.6    1.00    0.0
    encodeCTU           0.1   0.1    41711.6    41574.9    1.00  108.1
    encodeCTU           0.0   0.0    67732.3    67508.3    1.00  175.5
    encodeCTU           0.0   0.0    63664.7    63455.8    1.00    0.0
    encodeCTU           0.0   0.0    63602.2    63391.4    1.00  329.6
    encodeCTU           0.0   0.0    52097.7    51926.5    1.00    0.0
    encodeCTU           0.0   0.0    71256.4    71022.7    1.00  184.6
    encodeCTU           0.0   0.0    52450.7    52279.4    1.00    0.0
    encodeCTU           0.0   0.0    54191.0    54013.2    1.00  140.4
    encodeCTU           0.0   0.0    54590.9    54409.9    1.00    0.0
    encodeCTU           0.0   0.0    62772.6    62566.5    1.00  325.3
    encodeCTU           0.0   0.0    64402.4    64189.0    1.00    0.0
    encodeCTU           0.0   0.0    63270.6    63063.6    1.00    0.0
    encodeCTU           0.0   0.0    66406.8    66190.1    1.00    0.0
    encodeCTU           0.0   0.0    69814.3    69584.6    1.00    0.0
    encodeCTU           0.0   0.0    70337.9    70106.6    1.00    0.0
    encodeCTU           0.1   0.1    43757.8    43612.9    1.00    0.0
    encodeCTU           0.1   0.1    25072.8    24990.0    1.00  194.9
    encodeCTU           0.2   0.2    13091.0    13047.7    1.00   67.8
    encodeCTU           0.2   0.2    11396.2    11358.5    1.00   88.6
    encodeCTU           0.1   0.1    16004.4    15951.5    1.00   41.5
    encodeCTU           0.2   0.2    10779.1    10743.4    1.00  111.7
    encodeCTU           0.2   0.2    12508.4    12467.0    1.00   64.8
    filterCTURow        0.0   0.0   895057.1   892857.2    1.00    0.0
    encodeCTU           0.1   0.1    42702.1    42560.4    1.00    0.0
    encodeCTU           0.0   0.0    45904.0    45751.9    1.00    0.0
    encodeCTU           0.0   0.0    53354.3    53180.2    1.00    0.0
    encodeCTU           0.0   0.0    55788.4    55605.0    1.00  144.6
    encodeCTU           0.0   0.0    48606.3    48447.3    1.00  125.9
    encodeCTU           0.0   0.0    51861.2    51690.3    1.00  134.4
    encodeCTU           0.0   0.0    53458.4    53282.2    1.00  138.5
    encodeCTU           0.0   0.0    57893.4    57703.4    1.00    0.0
    encodeCTU           0.0   0.0    52689.5    52515.5    1.00    0.0
    encodeCTU           0.0   0.0    51796.6    51626.2    1.00    0.0
    encodeCTU           0.1   0.1    39229.0    39099.2    1.00    0.0
    encodeCTU           0.0   0.0    57336.3    57146.1    1.00    0.0
    encodeCTU           0.0   0.0    53474.5    53299.2    1.00    0.0
    encodeCTU           0.0   0.0    46573.4    46420.9    1.00  482.7
    encodeCTU           0.0   0.0    51359.8    51190.2    1.00  133.1
    encodeCTU           0.1   0.1    29072.0    28976.3    1.00   75.3
    encodeCTU           0.1   0.1    15905.7    15853.1    1.00  164.9
    encodeCTU           0.1   0.1    23629.2    23551.0    1.00   61.2
    encodeCTU           0.1   0.1    17133.9    17077.1    1.00   44.4
    encodeCTU           0.1   0.1    33412.0    33302.3    1.00  173.2
    encodeCTU           0.0   0.0    56404.2    56217.7    1.00  146.2
    encodeCTU           0.0   0.0    60586.0    60386.5    1.00  471.0
    encodeCTU           0.0   0.0    54265.7    54086.2    1.00    0.0
    encodeCTU           0.0   0.0    61072.6    60871.7    1.00  158.3
    encodeCTU           0.1   0.1    38707.4    38580.2    1.00  200.6
    encodeCTU           0.2   0.2    12409.3    12368.3    1.00   96.5
    encodeCTU           0.1   0.1    14961.1    14911.6    1.00    0.0
    encodeCTU           0.1   0.1    15972.9    15920.0    1.00   82.8
    encodeCTU           0.1   0.1    30397.0    30296.6    1.00    0.0
    encodeCTU           0.0   0.0    52944.9    52770.5    1.00    0.0
    encodeCTU           0.0   0.0    56396.8    56211.4    1.00  146.1
    encodeCTU           0.0   0.0    50326.8    50160.5    1.00    0.0
    encodeCTU           0.1   0.1    31513.4    31409.0    1.00    0.0
    encodeCTU           0.1   0.1    23781.3    23702.9    1.00   61.6
    encodeCTU           0.1   0.1    15562.8    15511.3    1.00  121.0
    encodeCTU           0.3   0.3     8137.2     8110.2    1.00  105.4
    encodeCTU           0.3   0.3     7516.8     7491.9    1.00  116.9
    encodeCTU           0.3   0.3     8720.9     8692.0    1.00   67.8
    encodeCTU           0.2   0.2     9942.5     9909.5    1.00  128.8
    encodeCTU           0.2   0.2     9168.1     9137.7    1.00  142.5
    filterCTURow        0.0   0.0   837965.5   835421.9    1.00    0.0
    encodeCTU           0.1   0.1    21830.6    21758.5    1.00    0.0
    encodeCTU           0.0   0.0    45459.3    45310.4    1.00    0.0
    encodeCTU           0.1   0.1    44219.9    44074.2    1.00  229.2
    encodeCTU           0.0   0.0    51805.0    51634.2    1.00  134.2
    encodeCTU           0.0   0.0    58637.1    58445.4    1.00  151.9
    encodeCTU           0.0   0.0    61026.8    60827.3    1.00  158.1
    encodeCTU           0.0   0.0    54407.2    54227.0    1.00    0.0
    encodeCTU           0.0   0.0    57195.4    57006.0    1.00  148.2
    encodeCTU           0.1   0.1    25207.0    25123.7    1.00  130.6
    encodeCTU           0.1   0.1    21276.4    21206.2    1.00   55.1
    encodeCTU           0.1   0.1    21844.3    21772.3    1.00  113.2
    encodeCTU           0.2   0.2    14539.3    14491.3    1.00   37.7
    encodeCTU           0.1   0.1    31468.7    31364.7    1.00  163.1
    encodeCTU           0.0   0.0    45661.4    45510.4    1.00    0.0
    encodeCTU           0.0   0.0    52053.7    51883.4    1.00  134.9
    encodeCTU           0.1   0.1    24529.3    24448.1    1.00  127.1
    encodeCTU           0.1   0.1    15033.4    14983.7    1.00  116.9
    encodeCTU           0.1   0.1    16155.8    16102.3    1.00  251.2
    encodeCTU           0.2   0.2    12989.7    12946.7    1.00  134.6
    encodeCTU           0.1   0.1    24517.0    24436.1    1.00  254.1
    encodeCTU           0.1   0.1    36904.7    36782.3    1.00   95.6
    encodeCTU           0.1   0.1    42057.8    41919.9    1.00    0.0
    encodeCTU           0.0   0.0    57836.7    57646.9    1.00  149.9
    encodeCTU           0.0   0.0    52964.0    52789.9    1.00  137.2
    encodeCTU           0.1   0.1    19982.6    19916.8    1.00  207.1
    encodeCTU           0.2   0.2    10125.5    10092.0    1.00  104.9
    encodeCTU           0.2   0.2    11100.7    11063.9    1.00   86.3
    encodeCTU           0.1   0.1    14975.4    14925.8    1.00  155.2
    encodeCTU           0.1   0.1    17991.9    17932.4    1.00  186.5
    encodeCTU           0.0   0.0    46750.3    46596.2    1.00    0.0
    encodeCTU           0.1   0.1    38173.7    38047.4    1.00  197.8
    encodeCTU           0.1   0.1    23013.1    22936.8    1.00    0.0
    encodeCTU           0.1   0.1    16322.5    16268.6    1.00  169.2
    encodeCTU           0.1   0.1    14995.1    14945.5    1.00   38.9
    encodeCTU           0.2   0.2    12650.8    12608.9    1.00  131.1
    encodeCTU           0.3   0.3     7156.1     7132.4    1.00   37.1
    encodeCTU           0.3   0.3     6945.3     6922.3    1.00  126.0
    encodeCTU           0.3   0.3     8320.0     8292.5    1.00  129.4
    encodeCTU           0.3   0.3     7833.7     7807.7    1.00  121.8
    encodeCTU           0.2   0.2    11192.3    11155.2    1.00   58.0
    filterCTURow        0.0   0.0   812887.6   810372.8    1.00    0.0
    encodeCTU           0.1   0.1    23361.8    23284.5    1.00  121.1
    encodeCTU           0.1   0.1    24888.6    24806.5    1.00  129.0
    encodeCTU           0.1   0.1    33727.5    33615.7    1.00   87.4
    encodeCTU           0.1   0.1    30605.3    30504.5    1.00    0.0
    encodeCTU           0.1   0.1    37849.3    37724.5    1.00    0.0
    encodeCTU           0.0   0.0    62010.9    61808.5    1.00    0.0
    encodeCTU           0.0   0.0    57472.9    57283.6    1.00    0.0
    encodeCTU           0.0   0.0    49273.6    49111.1    1.00  127.7
    encodeCTU           0.1   0.1    16535.7    16481.0    1.00  128.5
    encodeCTU           0.1   0.1    15370.7    15319.8    1.00  199.1
    encodeCTU           0.2   0.2    13647.4    13602.3    1.00   35.4
    encodeCTU           0.2   0.2    13591.6    13546.6    1.00   35.2
    encodeCTU           0.1   0.1    24798.0    24715.8    1.00  257.0
    encodeCTU           0.0   0.0    46290.6    46138.2    1.00  239.9
    encodeCTU           0.1   0.1    40943.0    40808.0    1.00  106.1
    encodeCTU           0.1   0.1    27277.5    27187.2    1.00  212.0
    encodeCTU           0.2   0.2    13088.7    13045.3    1.00  135.7
    encodeCTU           0.2   0.2    11345.4    11307.7    1.00  147.0
    encodeCTU           0.2   0.2    14393.2    14345.6    1.00  111.9
    encodeCTU           0.1   0.1    28536.7    28442.2    1.00   73.9
    encodeCTU           0.1   0.1    37677.4    37553.0    1.00   97.6
    encodeCTU           0.1   0.1    29678.4    29580.5    1.00  230.7
    encodeCTU           0.1   0.1    42389.0    42249.4    1.00    0.0
    encodeCTU           0.1   0.1    41799.5    41661.5    1.00    0.0
    encodeCTU           0.1   0.1    19939.4    19873.6    1.00    0.0
    encodeCTU           0.2   0.2    10351.0    10316.7    1.00  187.8
    encodeCTU           0.2   0.2     9324.3     9293.5    1.00   96.6
    encodeCTU           0.2   0.2    11685.0    11646.3    1.00   30.3
    encodeCTU           0.1   0.1    16433.7    16379.2    1.00   42.6
    encodeCTU           0.1   0.1    29833.8    29735.4    1.00   77.3
    encodeCTU           0.1   0.1    20862.3    20793.5    1.00  108.1
    encodeCTU           0.1   0.1    15583.5    15531.8    1.00  323.0
    encodeCTU           0.2   0.2    12560.1    12518.5    1.00   97.6
    encodeCTU           0.2   0.2    10441.6    10407.0    1.00  162.3
    encodeCTU           0.2   0.2    10296.3    10262.2    1.00   53.4
    encodeCTU           0.3   0.3     8014.8     7988.2    1.00  124.6
    encodeCTU           0.3   0.3     7312.0     7287.8    1.00   75.8
    encodeCTU           0.2   0.2    10511.9    10477.1    1.00   81.7
    encodeCTU           0.3   0.3     8284.1     8256.7    1.00   64.4
    encodeCTU           0.2   0.2     9263.8     9233.1    1.00   48.0
    filterCTURow        0.0   0.0   757062.2   754717.0    1.00    0.0
    encodeCTU           0.1   0.1    22892.1    22816.5    1.00   59.3
    encodeCTU           0.1   0.1    17918.0    17858.7    1.00  185.7
    encodeCTU           0.1   0.1    33833.8    33722.3    1.00   87.7
    encodeCTU           0.1   0.1    16322.8    16268.9    1.00   84.6
    encodeCTU           0.1   0.1    21970.3    21897.7    1.00  170.8
    encodeCTU           0.1   0.1    32016.9    31911.2    1.00  248.9
    encodeCTU           0.0   0.0    50692.3    50525.5    1.00  394.1
    encodeCTU           0.0   0.0    49271.1    49108.7    1.00    0.0
    encodeCTU           0.1   0.1    17409.0    17351.5    1.00  180.4
    encodeCTU           0.2   0.2    10847.8    10811.9    1.00   56.2
    encodeCTU           0.2   0.2    10087.5    10054.1    1.00  156.8
    encodeCTU           0.2   0.2     9564.1     9532.3    1.00   99.1
    encodeCTU           0.1   0.1    29478.9    29381.5    1.00  229.2
    encodeCTU           0.1   0.1    35365.9    35249.7    1.00  183.3
    encodeCTU           0.1   0.1    33929.8    33818.1    1.00    0.0
    encodeCTU           0.1   0.1    24019.1    23939.5    1.00   62.2
    encodeCTU           0.2   0.2    11724.4    11685.7    1.00  121.5
    encodeCTU           0.2   0.2    12825.7    12783.1    1.00   66.5
    encodeCTU           0.2   0.2    14510.4    14462.4    1.00  112.8
    encodeCTU           0.1   0.1    19889.0    19823.2    1.00   51.5
    encodeCTU           0.1   0.1    27061.4    26971.6    1.00   70.1
    encodeCTU           0.1   0.1    30735.0    30633.5    1.00    0.0
    encodeCTU           0.1   0.1    32564.8    32457.0    1.00    0.0
    encodeCTU           0.1   0.1    30807.1    30705.0    1.00  159.7
    encodeCTU           0.1   0.1    15722.0    15670.1    1.00  122.2
    encodeCTU           0.2   0.2     9329.3     9298.4    1.00  169.2
    encodeCTU           0.3   0.3     8464.8     8436.8    1.00   21.9
    encodeCTU           0.2   0.2     9282.4     9251.6    1.00  168.4
    encodeCTU           0.2   0.2    10134.8    10101.2    1.00  131.3
    encodeCTU           0.2   0.2    13873.1    13827.2    1.00   35.9
    encodeCTU           0.1   0.1    18952.3    18889.7    1.00  294.7
    encodeCTU           0.2   0.2    14206.5    14159.5    1.00  110.4
    encodeCTU           0.2   0.2    11268.8    11231.5    1.00   29.2
    encodeCTU           0.2   0.2     9399.6     9368.5    1.00  194.9
    encodeCTU           0.3   0.3     7179.8     7156.0    1.00   55.8
    encodeCTU           0.3   0.3     6697.2     6675.0    1.00  138.8
    encodeCTU           0.3   0.3     6657.5     6635.4    1.00   51.8
    encodeCTU           0.3   0.3     8214.3     8187.1    1.00  127.7
    encodeCTU           0.3   0.3     8694.0     8665.2    1.00   67.6
    encodeCTU           0.2   0.2     9930.2     9897.3    1.00  102.9
    filterCTURow        0.0   0.0   744996.3   742942.1    1.00    0.0
    encodeCTU           0.1   0.1    25071.7    24988.8    1.00   65.0
    encodeCTU           0.1   0.1    29129.9    29033.5    1.00  151.0
    encodeCTU           0.1   0.1    43884.2    43738.8    1.00  227.4
    encodeCTU           0.1   0.1    25234.2    25150.9    1.00   65.4
    encodeCTU           0.1   0.1    27771.4    27679.4    1.00  143.9
    encodeCTU           0.2   0.2    11676.6    11637.9    1.00   90.8
    encodeCTU           0.1   0.1    18690.1    18628.2    1.00    0.0
    encodeCTU           0.1   0.1    23806.5    23727.6    1.00  123.4
    encodeCTU           0.1   0.1    22530.9    22456.3    1.00   58.4
    encodeCTU           0.1   0.1    17827.6    17768.6    1.00   92.4
    encodeCTU           0.2   0.2    11289.2    11251.8    1.00  117.0
    encodeCTU           0.2   0.2    11118.2    11081.4    1.00   57.6
    encodeCTU           0.1   0.1    19640.7    19575.6    1.00   50.9
    encodeCTU           0.1   0.1    25868.5    25783.2    1.00   67.0
    encodeCTU           0.1   0.1    23326.0    23248.8    1.00  120.9
    encodeCTU           0.2   0.2    14304.2    14256.8    1.00  111.2
    encodeCTU           0.1   0.1    15880.1    15827.5    1.00  205.7
    encodeCTU           0.2   0.2    13290.3    13246.3    1.00  172.2
    encodeCTU           0.1   0.1    15273.2    15222.8    1.00   39.6
    encodeCTU           0.1   0.1    23531.7    23453.8    1.00    0.0
    encodeCTU           0.1   0.1    17928.6    17869.3    1.00  139.4
    encodeCTU           0.1   0.1    20334.6    20267.5    1.00  158.1
    encodeCTU           0.1   0.1    26320.3    26233.6    1.00   68.2
    encodeCTU           0.1   0.1    18450.5    18389.5    1.00   95.6
    encodeCTU           0.2   0.2     9097.8     9067.7    1.00  117.9
    encodeCTU           0.2   0.2     9058.9     9028.9    1.00   70.4
    encodeCTU           0.2   0.2     9131.7     9101.4    1.00   23.7
    encodeCTU           0.2   0.2     9220.7     9190.2    1.00   95.6
    encodeCTU           0.2   0.2     8965.1     8935.4    1.00   92.9
    encodeCTU           0.2   0.2     9192.0     9161.6    1.00   95.3
    encodeCTU           0.2   0.2    10455.7    10421.1    1.00  162.6
    encodeCTU           0.2   0.2    13709.7    13664.4    1.00   71.0
    encodeCTU           0.2   0.2    11147.7    11110.7    1.00  115.5
    encodeCTU           0.2   0.2     9721.0     9688.8    1.00   75.6
    encodeCTU           0.3   0.3     6670.0     6647.9    1.00  103.7
    encodeCTU           0.3   0.3     8463.1     8435.0    1.00  131.6
    encodeCTU           0.3   0.3     7094.9     7071.4    1.00  183.8
    encodeCTU           0.3   0.3     7543.2     7518.2    1.00   19.5
    encodeCTU           0.2   0.2     9275.1     9244.4    1.00  216.3
    encodeCTU           0.2   0.2    11802.8    11763.7    1.00    0.0
    filterCTURow        0.0   0.0   720688.4   718390.8    1.00    0.0
    encodeCTU           0.1   0.1    38782.9    38654.8    1.00    0.0
    encodeCTU           0.1   0.1    41220.6    41084.6    1.00    0.0
    encodeCTU           0.0   0.0    52788.7    52615.0    1.00    0.0
    encodeCTU           0.0   0.0    52757.3    52584.5    1.00  136.7
    encodeCTU           0.1   0.1    26824.6    26735.8    1.00   69.5
    encodeCTU           0.2   0.2     9208.7     9178.2    1.00   95.4
    encodeCTU           0.2   0.2     9367.9     9336.9    1.00   24.3
    encodeCTU           0.1   0.1    23786.7    23707.9    1.00  123.3
    encodeCTU           0.1   0.1    27750.0    27658.7    1.00    0.0
    encodeCTU           0.2   0.2    12898.2    12855.5    1.00   66.8
    encodeCTU           0.2   0.2    10630.4    10595.1    1.00  192.8
    encodeCTU           0.1   0.1    15478.9    15427.8    1.00  120.3
    encodeCTU           0.2   0.2    12912.3    12869.5    1.00   33.5
    encodeCTU           0.1   0.1    15798.7    15746.5    1.00   40.9
    encodeCTU           0.2   0.2    14085.3    14038.6    1.00   36.5
    encodeCTU           0.2   0.2    11939.5    11899.9    1.00   61.9
    encodeCTU           0.2   0.2    11453.9    11415.9    1.00  118.7
    encodeCTU           0.2   0.2    11410.7    11372.9    1.00  118.3
    encodeCTU           0.2   0.2    10830.2    10794.4    1.00   84.2
    encodeCTU           0.2   0.2    11357.8    11320.2    1.00   88.3
    encodeCTU           0.2   0.2    11860.6    11821.3    1.00   92.2
    encodeCTU           0.2   0.2    14463.6    14415.7    1.00   37.5
    encodeCTU           0.1   0.1    17842.5    17783.5    1.00   92.5
    encodeCTU           0.1   0.1    15550.1    15498.6    1.00   80.6
    encodeCTU           0.3   0.3     7720.0     7694.4    1.00   80.0
    encodeCTU           0.3   0.3     7954.2     7927.8    1.00  103.1
    encodeCTU           0.3   0.3     7991.0     7964.6    1.00  186.4
    encodeCTU           0.3   0.3     8423.7     8395.8    1.00   65.5
    encodeCTU           0.3   0.3     8064.1     8037.4    1.00  104.5
    encodeCTU           0.3   0.3     7779.5     7753.7    1.00   60.5
    encodeCTU           0.2   0.2     9100.0     9069.9    1.00   70.7
    encodeCTU           0.2   0.2    13150.8    13107.4    1.00  136.3
    encodeCTU           0.2   0.2    12287.4    12246.8    1.00  191.0
    encodeCTU           0.2   0.2    11071.7    11035.1    1.00   28.7
    encodeCTU           0.3   0.3     6603.4     6581.5    1.00   68.4
    encodeCTU           0.3   0.3     8048.3     8021.7    1.00  146.0
    encodeCTU           0.3   0.3     7821.7     7795.8    1.00  101.3
    encodeCTU           0.3   0.3     8299.6     8272.1    1.00  129.0
    encodeCTU           0.3   0.3     8268.5     8241.0    1.00  150.0
    encodeCTU           0.2   0.2    13734.2    13688.7    1.00   71.2
    filterCTURow        0.0   0.0   704274.7   702247.2    1.00    0.0
    encodeCTU           0.1   0.1    29347.9    29250.9    1.00   76.0
    encodeCTU           0.1   0.1    28007.6    27915.0    1.00  217.7
    encodeCTU           0.0   0.0    57664.7    57474.6    1.00    0.0
    encodeCTU           0.0   0.0    56062.3    55878.4    1.00  145.3
    encodeCTU           0.1   0.1    28246.2    28153.2    1.00    0.0
    encodeCTU           0.2   0.2    10768.4    10732.7    1.00  111.6
    encodeCTU           0.2   0.2     9211.8     9181.3    1.00   71.6
    encodeCTU           0.1   0.1    22423.6    22349.4    1.00  174.3
    encodeCTU           0.1   0.1    22927.3    22851.4    1.00   59.4
    encodeCTU           0.2   0.2    13836.6    13790.8    1.00   35.9
    encodeCTU           0.2   0.2    10683.6    10648.3    1.00  138.4
    encodeCTU           0.2   0.2    11795.0    11756.0    1.00  152.8
    encodeCTU           0.2   0.2     9960.0     9927.0    1.00  154.9
    encodeCTU           0.2   0.2    11271.1    11233.8    1.00   29.2
    encodeCTU           0.2   0.2    10895.8    10859.7    1.00   28.2
    encodeCTU           0.2   0.2     9426.2     9395.0    1.00   73.3
    encodeCTU           0.2   0.2    10084.6    10051.3    1.00  104.5
    encodeCTU           0.2   0.2     9520.4     9488.8    1.00   24.7
    encodeCTU           0.2   0.2     9856.2     9823.5    1.00   51.1
    encodeCTU           0.2   0.2     9668.7     9636.7    1.00  150.3
    encodeCTU           0.2   0.2    10294.8    10260.7    1.00  133.4
    encodeCTU           0.2   0.2    11811.3    11772.2    1.00  183.6
    encodeCTU           0.2   0.2    13545.8    13500.9    1.00  175.5
    encodeCTU           0.2   0.2    12357.2    12316.2    1.00   96.1
    encodeCTU           0.3   0.3     7192.5     7168.7    1.00  111.8
    encodeCTU           0.3   0.3     7082.7     7059.3    1.00  183.5
    encodeCTU           0.3   0.3     7199.4     7175.6    1.00  149.2
    encodeCTU           0.3   0.3     7956.1     7929.7    1.00   61.8
    encodeCTU           0.3   0.3     7028.4     7005.1    1.00   72.8
    encodeCTU           0.4   0.4     6242.9     6222.2    1.00  145.6
    encodeCTU           0.3   0.3     6496.1     6474.6    1.00   67.3
    encodeCTU           0.2   0.2     9643.8     9611.9    1.00  174.9
    encodeCTU           0.2   0.2    12218.4    12178.0    1.00   95.0
    encodeCTU           0.2   0.2    12650.6    12608.8    1.00    0.0
    encodeCTU           0.2   0.2    10550.8    10515.8    1.00  109.4
    encodeCTU           0.2   0.2    11951.6    11912.1    1.00  185.8
    encodeCTU           0.2   0.2    11713.5    11674.7    1.00   30.4
    encodeCTU           0.2   0.2    13212.4    13168.6    1.00  171.2
    encodeCTU           0.2   0.2    12487.1    12445.7    1.00  129.4
    encodeCTU           0.1   0.1    17244.9    17187.7    1.00   89.4
    filterCTURow        0.0   0.0   696707.2   694444.4    1.00    0.0
    encodeCTU           0.1   0.1    29334.6    29238.1    1.00   76.0
    encodeCTU           0.1   0.1    33941.8    33829.5    1.00  263.9
    encodeCTU           0.0   0.0    55113.3    54933.0    1.00  285.6
    encodeCTU           0.0   0.0    55230.4    55047.9    1.00  143.1
    encodeCTU           0.1   0.1    26295.0    26208.2    1.00   68.1
    encodeCTU           0.2   0.2    10670.5    10635.1    1.00  221.2
    encodeCTU           0.2   0.2    12556.5    12514.9    1.00    0.0
    encodeCTU           0.1   0.1    20054.5    19988.4    1.00  155.9
    encodeCTU           0.1   0.1    22141.4    22068.2    1.00   57.4
    encodeCTU           0.1   0.1    15777.6    15725.2    1.00  163.5
    encodeCTU           0.2   0.2     8997.6     8967.8    1.00  116.6
    encodeCTU           0.2   0.2     9620.4     9588.6    1.00   74.8
    encodeCTU           0.3   0.3     8748.6     8719.6    1.00   68.0
    encodeCTU           0.2   0.2     9687.3     9655.2    1.00  100.4
    encodeCTU           0.3   0.3     8741.9     8712.9    1.00   90.6
    encodeCTU           0.3   0.3     8334.3     8306.7    1.00  108.0
    encodeCTU           0.2   0.2    10632.2    10597.0    1.00   82.7
    encodeCTU           0.2   0.2    10720.8    10685.4    1.00  111.1
    encodeCTU           0.2   0.2    10557.5    10522.5    1.00  191.5
    encodeCTU           0.2   0.2     9756.0     9723.7    1.00   75.8
    encodeCTU           0.2   0.2    10518.5    10483.6    1.00   81.8
    encodeCTU           0.2   0.2    13098.4    13055.0    1.00  203.6
    encodeCTU           0.1   0.1    15259.1    15208.7    1.00   39.5
    encodeCTU           0.2   0.2    10527.0    10492.1    1.00  109.1
    encodeCTU           0.3   0.3     8070.9     8044.2    1.00  188.2
    encodeCTU           0.3   0.3     7010.3     6987.1    1.00   54.5
    encodeCTU           0.3   0.3     6951.3     6928.3    1.00   72.0
    encodeCTU           0.3   0.3     7165.5     7141.8    1.00   55.7
    encodeCTU           0.3   0.3     6818.2     6795.6    1.00   88.3
    encodeCTU           0.3   0.3     6416.4     6395.1    1.00  116.4
    encodeCTU           0.3   0.3     6609.1     6587.2    1.00   34.3
    encodeCTU           0.3   0.3     8352.3     8324.7    1.00  194.8
    encodeCTU           0.2   0.2    10353.6    10319.3    1.00   80.5
    encodeCTU           0.2   0.2     9159.5     9129.2    1.00   23.7
    encodeCTU           0.2   0.2    11771.0    11732.0    1.00  152.5
    encodeCTU           0.1   0.1    14997.0    14947.5    1.00   77.7
    encodeCTU           0.2   0.2    13446.5    13402.0    1.00   69.7
    encodeCTU           0.2   0.2    14410.1    14362.5    1.00   74.7
    encodeCTU           0.2   0.2    13924.5    13878.3    1.00    0.0
    encodeCTU           0.1   0.1    19291.2    19227.4    1.00  150.0
    filterCTURow        0.0   0.0   678213.9   676132.6    1.00    0.0
    encodeCTU           0.1   0.1    28688.9    28594.3    1.00    0.0
    encodeCTU           0.0   0.0    47258.2    47103.2    1.00    0.0
    encodeCTU           0.0   0.0    55814.7    55629.7    1.00    0.0
    encodeCTU           0.0   0.0    47537.2    47379.9    1.00    0.0
    encodeCTU           0.1   0.1    27927.5    27835.0    1.00  144.7
    encodeCTU           0.2   0.2    12992.6    12949.7    1.00  101.0
    encodeCTU           0.1   0.1    18155.0    18095.0    1.00   47.0
    encodeCTU           0.1   0.1    15031.0    14981.3    1.00   77.9
    encodeCTU           0.2   0.2    14004.0    13957.7    1.00   72.6
    encodeCTU           0.2   0.2    11576.4    11538.2    1.00   30.0
    encodeCTU           0.2   0.2     9840.4     9807.8    1.00   25.5
    encodeCTU           0.2   0.2    10725.9    10690.4    1.00   55.6
    encodeCTU           0.2   0.2    11475.2    11437.2    1.00    0.0
    encodeCTU           0.2   0.2    10278.8    10244.7    1.00  106.5
    encodeCTU           0.2   0.2     9081.9     9051.8    1.00    0.0
    encodeCTU           0.2   0.2    11233.8    11196.7    1.00   87.3
    encodeCTU           0.1   0.1    16360.5    16306.3    1.00  212.0
    encodeCTU           0.2   0.2    14817.7    14768.6    1.00  192.0
    encodeCTU           0.2   0.2     9971.4     9938.4    1.00  103.4
    encodeCTU           0.2   0.2     9007.9     8978.0    1.00  116.7
    encodeCTU           0.2   0.2    11402.9    11365.1    1.00   59.1
    encodeCTU           0.2   0.2    13868.8    13822.8    1.00  179.7
    encodeCTU           0.1   0.1    29605.3    29507.2    1.00  383.6
    encodeCTU           0.1   0.1    16353.7    16299.7    1.00   84.8
    encodeCTU           0.2   0.2    11376.7    11339.0    1.00    0.0
    encodeCTU           0.3   0.3     8074.5     8047.7    1.00  125.5
    encodeCTU           0.3   0.3     7940.3     7914.0    1.00  123.4
    encodeCTU           0.3   0.3     6853.1     6830.4    1.00  124.3
    encodeCTU           0.3   0.3     7677.1     7651.6    1.00   99.5
    encodeCTU           0.3   0.3     8775.3     8746.2    1.00   68.2
    encodeCTU           0.2   0.2    10679.8    10644.5    1.00   83.0
    encodeCTU           0.2   0.2    12719.7    12677.5    1.00  230.7
    encodeCTU           0.2   0.2    11034.5    10998.0    1.00  114.4
    encodeCTU           0.2   0.2    11102.9    11066.1    1.00  115.1
    encodeCTU           0.2   0.2    12635.5    12593.7    1.00  196.4
    encodeCTU           0.1   0.1    16031.2    15978.3    1.00  124.6
    encodeCTU           0.1   0.1    15792.2    15740.1    1.00  245.5
    encodeCTU           0.1   0.1    16191.7    16138.1    1.00  209.8
    encodeCTU           0.1   0.1    16723.9    16668.6    1.00    0.0
    encodeCTU           0.1   0.1    21304.7    21234.1    1.00  220.8
    filterCTURow        0.0   0.0   728965.2   726744.2    1.00    0.0
    encodeCTU           0.1   0.1    39209.6    39080.8    1.00    0.0
    encodeCTU           0.0   0.0    59185.0    58990.1    1.00  153.4
    encodeCTU           0.0   0.0    69336.6    69108.5    1.00    0.0
    encodeCTU           0.0   0.0    46614.5    46461.9    1.00    0.0
    encodeCTU           0.1   0.1    27071.8    26982.5    1.00  140.3
    encodeCTU           0.2   0.2    13724.9    13679.5    1.00   71.1
    encodeCTU           0.1   0.1    20774.1    20705.2    1.00   53.8
    encodeCTU           0.2   0.2    13962.0    13915.8    1.00  144.7
    encodeCTU           0.1   0.1    23125.2    23048.9    1.00    0.0
    encodeCTU           0.1   0.1    17641.4    17583.0    1.00   91.4
    encodeCTU           0.1   0.1    15155.1    15105.1    1.00   39.3
    encodeCTU           0.0   0.0    47998.5    47840.0    1.00  124.4
    encodeCTU           0.2   0.2    10452.5    10418.0    1.00   81.3
    encodeCTU           0.2   0.2    12002.5    11962.7    1.00    0.0
    encodeCTU           0.2   0.2    12796.2    12753.8    1.00   66.3
    encodeCTU           0.1   0.1    16193.8    16140.2    1.00   83.9
    encodeCTU           0.1   0.1    26564.6    26476.7    1.00  275.3
    encodeCTU           0.1   0.1    35559.3    35442.1    1.00    0.0
    encodeCTU           0.1   0.1    18120.1    18060.3    1.00  140.9
    encodeCTU           0.1   0.1    18112.6    18052.8    1.00   46.9
    encodeCTU           0.1   0.1    24788.2    24706.0    1.00   64.2
    encodeCTU           0.1   0.1    32982.4    32873.1    1.00    0.0
    encodeCTU           0.1   0.1    40507.9    40374.7    1.00    0.0
    encodeCTU           0.1   0.1    33654.1    33543.5    1.00   87.2
    encodeCTU           0.1   0.1    23443.1    23365.6    1.00  364.5
    encodeCTU           0.1   0.1    19474.8    19410.3    1.00    0.0
    encodeCTU           0.1   0.1    17253.8    17196.6    1.00    0.0
    encodeCTU           0.1   0.1    15738.9    15686.8    1.00    0.0
    encodeCTU           0.1   0.1    17065.3    17008.8    1.00    0.0
    encodeCTU           0.2   0.2    14899.1    14849.8    1.00   77.2
    encodeCTU           0.2   0.2    13119.6    13076.2    1.00  170.0
    encodeCTU           0.2   0.2    12932.1    12889.3    1.00   33.5
    encodeCTU           0.2   0.2    13747.9    13702.4    1.00  106.9
    encodeCTU           0.2   0.2    13925.8    13879.8    1.00  180.4
    encodeCTU           0.1   0.1    17579.3    17521.1    1.00   91.1
    encodeCTU           0.1   0.1    20390.3    20322.7    1.00   52.8
    encodeCTU           0.1   0.1    22128.6    22055.6    1.00  114.7
    encodeCTU           0.1   0.1    20642.3    20574.0    1.00  107.0
    encodeCTU           0.2   0.2    14527.7    14479.5    1.00  150.6
    encodeCTU           0.1   0.1    17813.6    17754.7    1.00  138.5
    filterCTURow        0.0   0.0   721291.9   718907.3    1.00    0.0
    encodeCTU           0.1   0.1    44484.1    44338.0    1.00  115.3
    encodeCTU           0.0   0.0    59932.0    59733.6    1.00  621.2
    encodeCTU           0.0   0.0    62312.1    62107.9    1.00  322.9
    encodeCTU           0.0   0.0    60332.0    60132.3    1.00  469.0
    encodeCTU           0.0   0.0    56404.2    56217.7    1.00  146.2
    encodeCTU           0.0   0.0    60332.6    60135.9    1.00  156.3
    encodeCTU           0.1   0.1    40009.0    39877.2    1.00  103.7
    encodeCTU           0.1   0.1    24315.6    24235.4    1.00  126.0
    encodeCTU           0.1   0.1    33868.6    33756.4    1.00   87.8
    encodeCTU           0.1   0.1    31168.8    31065.5    1.00  161.5
    encodeCTU           0.1   0.1    35671.2    35553.0    1.00    0.0
    encodeCTU           0.1   0.1    41755.5    41618.1    1.00  216.4
    encodeCTU           0.1   0.1    34089.4    33976.6    1.00  353.3
    encodeCTU           0.1   0.1    43139.8    42997.8    1.00  111.8
    encodeCTU           0.0   0.0    48928.5    48768.6    1.00    0.0
    encodeCTU           0.0   0.0    57788.0    57597.1    1.00  149.7
    encodeCTU           0.0   0.0    58217.0    58024.8    1.00  150.9
    encodeCTU           0.0   0.0    72968.0    72727.3    1.00    0.0
    encodeCTU           0.0   0.0    52672.0    52499.0    1.00    0.0
    encodeCTU           0.0   0.0    52296.1    52124.1    1.00  271.0
    encodeCTU           0.0   0.0    54272.0    54092.1    1.00    0.0
    encodeCTU           0.0   0.0    54006.1    53827.1    1.00    0.0
    encodeCTU           0.0   0.0    48739.5    48579.1    1.00  126.3
    encodeCTU           0.0   0.0    48567.9    48407.4    1.00  251.7
    encodeCTU           0.1   0.1    37062.3    36939.9    1.00    0.0
    encodeCTU           0.1   0.1    38050.4    37924.8    1.00   98.6
    encodeCTU           0.1   0.1    39543.1    39412.0    1.00  102.5
    encodeCTU           0.1   0.1    40743.5    40609.1    1.00  105.6
    encodeCTU           0.1   0.1    37844.8    37720.2    1.00    0.0
    encodeCTU           0.1   0.1    35044.7    34929.6    1.00  181.6
    encodeCTU           0.1   0.1    37030.2    36908.5    1.00  191.9
    encodeCTU           0.1   0.1    35129.6    35014.0    1.00    0.0
    encodeCTU           0.1   0.1    30097.6    29998.5    1.00  156.0
    encodeCTU           0.1   0.1    27812.8    27720.8    1.00    0.0
    encodeCTU           0.1   0.1    31071.1    30968.4    1.00  161.0
    encodeCTU           0.1   0.1    30838.5    30737.1    1.00  239.7
    encodeCTU           0.1   0.1    26019.3    25933.6    1.00  134.8
    encodeCTU           0.1   0.1    24802.8    24720.7    1.00   64.3
    encodeCTU           0.1   0.1    31278.5    31175.0    1.00   81.0
    encodeCTU           0.1   0.1    35473.5    35356.9    1.00    0.0
    filterCTURow        0.0   0.0   763774.6   761614.6    1.00    0.0
    encodeCTU           0.0   0.0    49789.4    49625.3    1.00  129.0
    encodeCTU           0.0   0.0    68092.5    67870.2    1.00  176.4
    encodeCTU           0.0   0.0    67681.3    67458.2    1.00  175.4
    encodeCTU           0.0   0.0    72407.2    72170.9    1.00    0.0
    encodeCTU           0.0   0.0    68238.9    68013.3    1.00  176.8
    encodeCTU           0.0   0.0    74273.0    74030.2    1.00    0.0
    encodeCTU           0.0   0.0    47590.1    47433.8    1.00  123.3
    encodeCTU           0.0   0.0    63509.8    63299.2    1.00    0.0
    encodeCTU           0.0   0.0    51048.1    50880.2    1.00  132.3
    encodeCTU           0.0   0.0    57317.2    57129.8    1.00  148.5
    encodeCTU           0.0   0.0    61514.3    61312.1    1.00  159.4
    encodeCTU           0.0   0.0    69682.8    69454.1    1.00  180.6
    encodeCTU           0.0   0.0    60996.0    60794.0    1.00    0.0
    encodeCTU           0.0   0.0    56307.8    56123.0    1.00  145.9
    encodeCTU           0.0   0.0    50088.5    49922.6    1.00  389.4
    encodeCTU           0.0   0.0    60604.8    60404.7    1.00    0.0
    encodeCTU           0.0   0.0    60954.0    60753.3    1.00  157.9
    encodeCTU           0.0   0.0    63462.3    63255.1    1.00    0.0
    encodeCTU           0.0   0.0    55621.7    55438.5    1.00    0.0
    encodeCTU           0.0   0.0    62349.4    62142.7    1.00  323.1
    encodeCTU           0.0   0.0    63898.1    63690.2    1.00    0.0
    encodeCTU           0.0   0.0    74108.7    73866.2    1.00    0.0
    encodeCTU           0.0   0.0    44766.5    44619.0    1.00  116.0
    encodeCTU           0.1   0.1    44263.1    44117.0    1.00  114.7
    encodeCTU           0.1   0.1    43747.3    43603.4    1.00    0.0
    encodeCTU           0.1   0.1    41547.5    41411.3    1.00    0.0
    encodeCTU           0.1   0.1    36374.8    36254.2    1.00    0.0
    encodeCTU           0.1   0.1    34154.1    34041.4    1.00   88.5
    encodeCTU           0.1   0.1    33022.8    32914.2    1.00    0.0
    encodeCTU           0.1   0.1    37608.3    37484.1    1.00   97.5
    encodeCTU           0.1   0.1    40847.6    40713.3    1.00  211.7
    encodeCTU           0.0   0.0    46663.9    46509.5    1.00    0.0
    encodeCTU           0.0   0.0    45239.0    45089.7    1.00  351.7
    encodeCTU           0.0   0.0    58898.8    58706.1    1.00    0.0
    encodeCTU           0.0   0.0    59118.2    58924.0    1.00    0.0
    encodeCTU           0.0   0.0    60468.7    60270.0    1.00    0.0
    encodeCTU           0.0   0.0    56692.1    56506.8    1.00  146.9
    encodeCTU           0.0   0.0    56682.0    56497.2    1.00    0.0
    encodeCTU           0.0   0.0    58681.0    58486.4    1.00    0.0
    encodeCTU           0.0   0.0    59829.1    59633.9    1.00  155.0
    filterCTURow        0.0   0.0   794571.1   792393.1    1.00    0.0
    encodeCTU           0.0   0.0    49177.1    49014.8    1.00  127.4
    encodeCTU           0.0   0.0    58438.7    58247.9    1.00  151.4
    encodeCTU           0.0   0.0    53729.9    53553.3    1.00  139.2
    encodeCTU           0.0   0.0    54728.6    54549.4    1.00  141.8
    encodeCTU           0.0   0.0    54382.6    54203.5    1.00  140.9
    encodeCTU           0.0   0.0    57151.5    56963.8    1.00  148.1
    encodeCTU           0.0   0.0    52208.2    52037.3    1.00  135.3
    encodeCTU           0.0   0.0    56710.8    56522.7    1.00    0.0
    encodeCTU           0.0   0.0    53103.4    52929.7    1.00  137.6
    encodeCTU           0.0   0.0    55190.0    55008.5    1.00  143.0
    encodeCTU           0.0   0.0    67137.3    66916.5    1.00    0.0
    encodeCTU           0.0   0.0    75462.7    75216.2    1.00    0.0
    encodeCTU           0.0   0.0    69938.2    69710.7    1.00    0.0
    encodeCTU           0.0   0.0    62806.0    62597.8    1.00    0.0
    encodeCTU           0.1   0.1    37407.9    37284.2    1.00   96.9
    encodeCTU           0.0   0.0    78737.1    78480.6    1.00  204.0
    encodeCTU           0.0   0.0    68726.6    68502.5    1.00    0.0
    encodeCTU           0.0   0.0    84310.9    84033.6    1.00  218.5
    encodeCTU           0.0   0.0    64610.1    64399.8    1.00    0.0
    encodeCTU           0.0   0.0    56050.3    55865.9    1.00  145.2
    encodeCTU           0.0   0.0    69094.3    68865.8    1.00    0.0
    encodeCTU           0.0   0.0    69315.9    69089.4    1.00  179.6
    encodeCTU           0.0   0.0    66432.4    66216.4    1.00  516.4
    encodeCTU           0.0   0.0    56244.2    56060.1    1.00  291.5
    encodeCTU           0.0   0.0    71810.5    71576.8    1.00  186.1
    encodeCTU           0.0   0.0    83381.7    83111.7    1.00  216.1
    encodeCTU           0.0   0.0    76232.6    75982.1    1.00    0.0
    encodeCTU           0.0   0.0    64685.7    64474.5    1.00    0.0
    encodeCTU           0.0   0.0    61559.5    61357.2    1.00    0.0
    encodeCTU           0.0   0.0    61555.7    61353.5    1.00  159.5
    encodeCTU           0.0   0.0    54718.7    54537.5    1.00  141.8
    encodeCTU           0.0   0.0    52189.3    52018.3    1.00  135.2
    encodeCTU           0.0   0.0    55319.6    55139.0    1.00    0.0
    encodeCTU           0.0   0.0    66826.2    66608.9    1.00    0.0
    encodeCTU           0.0   0.0    68176.4    67953.2    1.00    0.0
    encodeCTU           0.0   0.0    68910.3    68686.0    1.00    0.0
    encodeCTU           0.0   0.0    61143.2    60942.2    1.00    0.0
    encodeCTU           0.0   0.0    61804.3    61602.9    1.00    0.0
    encodeCTU           0.0   0.0    56926.5    56740.8    1.00    0.0
    encodeCTU           0.1   0.1    36871.5    36749.8    1.00    0.0
    filterCTURow        0.0   0.0   819739.0   817661.6    1.00    0.0
    encodeCTU           0.0   0.0    52016.4    51845.7    1.00  134.8
    encodeCTU           0.0   0.0    66727.9    66507.1    1.00  172.9
    encodeCTU           0.0   0.0    57432.9    57244.3    1.00    0.0
    encodeCTU           0.0   0.0    67576.7    67353.7    1.00  350.2
    encodeCTU           0.0   0.0    62803.3    62597.8    1.00  162.7
    encodeCTU           0.0   0.0    65181.4    64968.8    1.00    0.0
    encodeCTU           0.0   0.0    70724.0    70492.0    1.00    0.0
    encodeCTU           0.0   0.0    79088.2    78827.1    1.00  204.9
    encodeCTU           0.0   0.0    75705.3    75454.6    1.00    0.0
    encodeCTU           0.0   0.0    47730.2    47573.7    1.00  247.4
    encodeCTU           0.0   0.0    78144.2    77887.7    1.00  202.5
    encodeCTU           0.0   0.0    84438.4    84160.9    1.00  218.8
    encodeCTU           0.0   0.0    77028.2    76775.4    1.00    0.0
    encodeCTU           0.0   0.0    77963.4    77706.1    1.00  404.0
    encodeCTU           0.0   0.0    77944.2    77688.0    1.00  202.0
    encodeCTU           0.0   0.0    88237.9    87950.8    1.00    0.0
    encodeCTU           0.0   0.0    74841.8    74599.0    1.00  193.9
    encodeCTU           0.0   0.0    75774.7    75528.7    1.00  196.3
    encodeCTU           0.0   0.0    72200.0    71963.2    1.00    0.0
    encodeCTU           0.0   0.0    71635.6    71403.1    1.00    0.0
    encodeCTU           0.0   0.0    59056.3    58861.6    1.00    0.0
    encodeCTU           0.0   0.0    58844.2    58651.0    1.00  152.5
    encodeCTU           0.0   0.0    66179.4    65963.1    1.00    0.0
    encodeCTU           0.0   0.0    61235.1    61035.2    1.00  158.7
    encodeCTU           0.0   0.0    68539.1    68315.3    1.00    0.0
    encodeCTU           0.1   0.1    37870.7    37745.8    1.00   98.1
    encodeCTU           0.0   0.0    63122.2    62912.9    1.00  163.6
    encodeCTU           0.0   0.0    81222.0    80958.6    1.00    0.0
    encodeCTU           0.0   0.0    75079.4    74833.5    1.00    0.0
    encodeCTU           0.0   0.0    55051.4    54869.7    1.00    0.0
    encodeCTU           0.1   0.1    30541.4    30440.5    1.00  237.4
    encodeCTU           0.1   0.1    37262.0    37138.8    1.00   96.6
    encodeCTU           0.0   0.0    67934.5    67709.4    1.00    0.0
    encodeCTU           0.0   0.0    73671.3    73432.2    1.00    0.0
    encodeCTU           0.0   0.0    69660.2    69430.0    1.00    0.0
    encodeCTU           0.0   0.0    62086.9    61881.2    1.00    0.0
    encodeCTU           0.1   0.1    42308.7    42169.2    1.00  109.6
    encodeCTU           0.0   0.0    63093.1    62885.2    1.00  327.0
    encodeCTU           0.0   0.0    56899.1    56711.8    1.00  294.9
    encodeCTU           0.1   0.1    35461.6    35344.4    1.00   91.9
    filterCTURow        0.0   0.0   766298.1   763942.0    1.00    0.0
    encodeCTU           0.0   0.0    55469.7    55288.3    1.00    0.0
    encodeCTU           0.0   0.0    64291.2    64082.0    1.00    0.0
    encodeCTU           0.0   0.0    55302.3    55120.7    1.00  143.3
    encodeCTU           0.0   0.0    66302.4    66085.1    1.00    0.0
    encodeCTU           0.0   0.0    58930.5    58737.2    1.00  152.7
    encodeCTU           0.0   0.0    68849.8    68624.8    1.00  178.4
    encodeCTU           0.0   0.0    56921.7    56734.4    1.00  147.5
    encodeCTU           0.0   0.0    72003.4    71766.9    1.00    0.0
    encodeCTU           0.0   0.0    76056.7    75809.3    1.00  197.1
    encodeCTU           0.0   0.0    82207.5    81940.3    1.00  213.0
    encodeCTU           0.0   0.0    76398.8    76149.9    1.00    0.0
    encodeCTU           0.0   0.0    75164.5    74917.6    1.00    0.0
    encodeCTU           0.0   0.0    73552.7    73313.8    1.00    0.0
    encodeCTU           0.0   0.0    84149.7    83871.5    1.00    0.0
    encodeCTU           0.1   0.1    43347.0    43204.0    1.00  112.3
    encodeCTU           0.0   0.0    82351.2    82081.6    1.00    0.0
    encodeCTU           0.0   0.0    61148.7    60949.6    1.00  158.4
    encodeCTU           0.0   0.0    83152.9    82877.5    1.00    0.0
    encodeCTU           0.0   0.0    67027.6    66809.2    1.00  173.7
    encodeCTU           0.0   0.0    68571.8    68348.0    1.00  177.7
    encodeCTU           0.0   0.0    53926.4    53749.0    1.00  279.5
    encodeCTU           0.0   0.0    58452.9    58261.5    1.00  302.9
    encodeCTU           0.0   0.0    58969.6    58775.1    1.00    0.0
    encodeCTU           0.0   0.0    73904.3    73659.4    1.00  191.5
    encodeCTU           0.0   0.0    75158.9    74912.0    1.00    0.0
    encodeCTU           0.0   0.0    78620.0    78363.8    1.00    0.0
    encodeCTU           0.0   0.0    70154.6    69925.2    1.00    0.0
    encodeCTU           0.0   0.0    87005.5    86722.8    1.00  225.4
    encodeCTU           0.0   0.0    74587.2    74343.9    1.00    0.0
    encodeCTU           0.0   0.0    70862.8    70631.4    1.00    0.0
    encodeCTU           0.0   0.0    64320.7    64110.8    1.00    0.0
    encodeCTU           0.0   0.0    74789.8    74543.4    1.00  193.8
    encodeCTU           0.0   0.0    75057.9    74811.1    1.00    0.0
    encodeCTU           0.0   0.0    67974.3    67750.7    1.00    0.0
    encodeCTU           0.0   0.0    48206.4    48046.9    1.00    0.0
    encodeCTU           0.0   0.0    48834.6    48673.6    1.00  126.5
    encodeCTU           0.1   0.1    27867.6    27775.5    1.00  144.4
    encodeCTU           0.0   0.0    61326.0    61124.7    1.00    0.0
    encodeCTU           0.1   0.1    38991.5    38863.6    1.00  202.1
    encodeCTU           0.0   0.0    44958.1    44810.9    1.00    0.0
    filterCTURow        0.0   0.0   780077.6   777605.0    1.00    0.0
    encodeCTU           0.0   0.0    53295.9    53120.9    1.00    0.0
    encodeCTU           0.0   0.0    69635.3    69405.9    1.00  180.4
    encodeCTU           0.0   0.0    50008.7    49843.0    1.00    0.0
    encodeCTU           0.0   0.0    63974.0    63763.3    1.00    0.0
    encodeCTU           0.0   0.0    64234.4    64024.6    1.00  166.4
    encodeCTU           0.0   0.0    79772.5    79510.2    1.00    0.0
    encodeCTU           0.0   0.0    65189.2    64973.0    1.00    0.0
    encodeCTU           0.0   0.0    83903.8    83626.0    1.00    0.0
    encodeCTU           0.0   0.0    71798.5    71561.5    1.00  372.1
    encodeCTU           0.0   0.0    78119.9    77863.4    1.00    0.0
    encodeCTU           0.0   0.0    61073.2    60871.7    1.00  158.3
    encodeCTU           0.0   0.0    77303.7    77047.5    1.00    0.0
    encodeCTU           0.0   0.0    78293.4    78039.6    1.00    0.0
    encodeCTU           0.0   0.0    75395.7    75148.4    1.00  390.7
    encodeCTU           0.1   0.1    43998.5    43853.9    1.00    0.0
    encodeCTU           0.0   0.0    70786.3    70551.7    1.00  183.4
    encodeCTU           0.0   0.0    71583.7    71347.0    1.00    0.0
    encodeCTU           0.0   0.0    78286.3    78027.5    1.00    0.0
    encodeCTU           0.0   0.0    68222.7    67999.5    1.00  353.6
    encodeCTU           0.0   0.0    87276.2    86986.8    1.00  226.2
    encodeCTU           0.0   0.0    64606.7    64395.6    1.00    0.0
    encodeCTU           0.0   0.0    76486.9    76236.9    1.00  198.2
    encodeCTU           0.0   0.0    67607.0    67385.4    1.00  175.2
    encodeCTU           0.0   0.0    73701.1    73459.2    1.00    0.0
    encodeCTU           0.0   0.0    65334.7    65121.1    1.00    0.0
    encodeCTU           0.0   0.0    86900.1    86617.6    1.00  225.2
    encodeCTU           0.0   0.0    83630.4    83354.2    1.00    0.0
    encodeCTU           0.0   0.0    77720.2    77465.3    1.00  402.8
    encodeCTU           0.0   0.0    62149.6    61946.4    1.00    0.0
    encodeCTU           0.0   0.0    64298.7    64086.1    1.00    0.0
    encodeCTU           0.0   0.0    51745.9    51575.6    1.00  134.1
    encodeCTU           0.0   0.0    68424.0    68198.9    1.00    0.0
    encodeCTU           0.0   0.0    60637.1    60437.6    1.00    0.0
    encodeCTU           0.0   0.0    70735.6    70502.0    1.00    0.0
    encodeCTU           0.0   0.0    77414.9    77160.5    1.00    0.0
    encodeCTU           0.0   0.0    58925.8    58733.7    1.00    0.0
    encodeCTU           0.0   0.0    48109.1    47950.1    1.00  249.3
    encodeCTU           0.0   0.0    45592.7    45442.2    1.00    0.0
    encodeCTU           0.1   0.1    28005.9    27913.5    1.00  145.1
    encodeCTU           0.1   0.1    38629.1    38501.5    1.00  100.1
    filterCTURow        0.0   0.0   751027.5   749063.7    1.00    0.0
    encodeCTU           0.0   0.0    67985.0    67759.9    1.00  176.2
    encodeCTU           0.0   0.0   105425.1   105086.2    1.00    0.0
    encodeCTU           0.0   0.0    83931.9    83654.0    1.00  217.5
    encodeCTU           0.0   0.0    94900.8    94589.5    1.00  245.9
    encodeCTU           0.0   0.0    88097.4    87811.7    1.00  228.3
    encodeCTU           0.0   0.0   107569.1   107215.6    1.00    0.0
    encodeCTU           0.0   0.0    95723.4    95410.8    1.00    0.0
    encodeCTU           0.0   0.0   109158.1   108802.1    1.00    0.0
    encodeCTU           0.0   0.0    88024.1    87734.7    1.00  456.2
    encodeCTU           0.0   0.0   106782.4   106428.3    1.00    0.0
    encodeCTU           0.0   0.0   103304.7   102965.4    1.00    0.0
    encodeCTU           0.0   0.0   105198.9   104854.8    1.00    0.0
    encodeCTU           0.0   0.0    98230.9    97914.4    1.00  254.5
    encodeCTU           0.0   0.0    97583.9    97266.8    1.00    0.0
    encodeCTU           0.0   0.0    84520.1    84246.0    1.00    0.0
    encodeCTU           0.0   0.0   108459.1   108108.1    1.00    0.0
    encodeCTU           0.0   0.0    95570.2    95256.2    1.00    0.0
    encodeCTU           0.0   0.0   109365.9   109003.7    1.00    0.0
    encodeCTU           0.0   0.0   102957.2   102616.7    1.00    0.0
    encodeCTU           0.0   0.0   109902.1   109541.0    1.00  284.8
    encodeCTU           0.0   0.0    90471.3    90171.3    1.00  468.9
    encodeCTU           0.0   0.0    98992.0    98668.0    1.00    0.0
    encodeCTU           0.0   0.0    99927.1    99601.6    1.00  517.9
    encodeCTU           0.0   0.0   102634.8   102301.8    1.00    0.0
    encodeCTU           0.0   0.0    88586.6    88300.2    1.00    0.0
    encodeCTU           0.0   0.0   113874.6   113507.4    1.00    0.0
    encodeCTU           0.0   0.0   104096.5   103756.0    1.00  269.7
    encodeCTU           0.0   0.0    93497.1    93188.0    1.00  242.3
    encodeCTU           0.0   0.0    88395.7    88105.7    1.00  458.1
    encodeCTU           0.0   0.0   106563.5   106213.5    1.00    0.0
    encodeCTU           0.0   0.0    92460.6    92157.4    1.00    0.0
    encodeCTU           0.0   0.0    76953.5    76698.9    1.00  598.2
    encodeCTU           0.0   0.0    81209.9    80945.4    1.00  210.4
    encodeCTU           0.0   0.0   107780.6   107434.5    1.00    0.0
    encodeCTU           0.0   0.0    98197.3    97876.1    1.00    0.0
    encodeCTU           0.0   0.0   107707.4   107353.7    1.00  279.1
    encodeCTU           0.0   0.0    87082.1    86798.0    1.00    0.0
    encodeCTU           0.0   0.0    68367.3    68143.1    1.00  354.3
    encodeCTU           0.0   0.0    46415.3    46262.0    1.00  120.3
    encodeCTU           0.0   0.0    58570.4    58377.1    1.00  151.8
    filterCTURow        0.0   0.0   737975.8   735835.2    1.00    0.0
    filterCTURow        0.1   0.1    15970.0    15917.2    1.00  248.3
<2>                     1.7   1.7     1281.6     1277.3    1.00   93.0
  frameRead             1.7   1.7     1281.6     1277.3    1.00   93.0
